100
600
18
1
15
20
46
14
80
84
49
44
13
16
31
30
82
80
89
20
68
91
50
58
6
21
82
93
81
33
7
35
50
66
78
62
88
59
75
50
45
13
12
35
15
3
93
78
53
92
49
45
53
14
63
41
17
60
36
56
56
19
64
4
31
38
40
99
38
96
4
73
4
85
88
73
80
24
3
62
50
80
69
41
62
25
16
25
66
59
40
59
19
48
96
44
20
27
19
50
29
55
79
63
75
81
96
23
27
30
7
84
36
37
79
6
71
76
44
47
89
30
40
10
79
32
29
33
75
45
28
16
90
92
36
30
27
52
81
66
76
81
44
23
9
51
16
34
29
34
57
90
22
25
7
1
81
64
53
82
31
38
81
26
31
38
68
30
2
17
66
51
49
58
42
70
98
33
28
11
45
23
62
19
23
53
33
9
50
53
54
22
82
28
18
35
84
94
83
36
19
34
64
84
99
91
54
65
70
74
7
50
22
19
61
10
99
20
91
49
77
12
46
41
22
97
64
39
8
7
69
89
93
83
1
5
2
24
13
67
2
25
91
12
34
65
1
63
4
1
81
7
57
57
16
43
98
51
96
14
50
69
76
51
79
87
39
95
83
72
11
10
53
77
47
38
35
75
50
33
37
91
19
9
42
77
44
65
61
35
28
21
92
72
92
22
94
15
44
71
24
68
38
13
80
1
95
70
45
16
1
56
62
66
1
55
23
4
94
56
86
41
62
32
16
33
57
85
86
65
51
44
34
32
8
87
38
61
31
48
15
7
84
59
19
72
22
36
99
53
55
90
45
61
20
53
43
79
6
90
40
2
93
13
21
89
24
83
82
4
82
84
61
74
88
89
62
44
51
54
46
62
78
72
53
81
28
7
54
1
7
23
55
6
55
49
85
78
2
34
90
30
35
58
29
31
61
92
76
91
35
71
27
70
85
61
56
12
91
70
79
10
35
84
92
59
53
92
23
52
29
74
62
15
61
49
51
19
78
46
20
59
77
64
79
1
9
61
70
4
48
79
47
44
12
2
58
24
76
66
90
14
22
30
92
35
10
60
97
66
37
45
46
27
8
69
43
65
42
9
66
7
59
48
87
29
71
25
55
59
33
88
34
71
36
11
31
26
66
17
99
60
12
37
71
73
38
17
18
46
90
3
61
71
24
96
93
55
22
66
34
9
27
29
3
74
91
6
55
82
64
59
90
55
87
34
94
22
60
57
60
32
21
46
84
47
61
25
12
57
71
75
63
51
69
95
33
23
72
49
98
26
11
9
58
70
29
54
25
27
63
74
35
44
4
16
91
21
8
38
22
65
89
10
16
32
88
23
17
62
11
79
70
87
51
94
19
39
5
37
98
71
