600
-836
648
444
-751
-328
-35
-282
617
-808
-419
339
-481
149
128
383
-574
-719
71
-788
-521
-383
278
706
896
917
678
113
-580
383
-286
904
-398
-843
-299
-897
-128
-714
-163
-802
602
390
877
-381
-550
-771
-696
-870
830
670
46
-414
-129
396
342
-706
146
478
955
-604
-316
-124
-382
85
417
-98
-567
350
487
539
929
522
-817
94
872
-899
400
25
801
854
402
940
-545
-366
364
-180
-71
659
-665
-113
-62
-771
305
-933
-192
-536
196
-850
-244
433
289
615
-826
127
462
-347
266
243
-180
-295
-908
-121
432
-414
891
516
414
-100
775
482
-988
-277
-703
160
191
-526
463
29
506
179
811
-470
-278
-761
810
849
-790
529
-918
-532
-795
707
516
890
991
-441
-402
-987
-604
788
-747
-544
-615
417
67
84
-654
-815
295
-616
-743
-998
-349
-702
-350
667
-611
458
270
109
731
102
701
-920
35
353
-198
-754
-367
-77
911
316
-389
-928
-219
-278
-86
693
-285
106
-221
-379
-606
863
959
-498
161
-881
924
-220
877
996
428
-757
-901
-158
-642
-758
-495
996
-592
-618
-155
-719
-422
267
307
-103
-766
-507
-356
237
-357
-632
707
-71
239
-713
982
-708
178
-525
-509
-58
-408
-813
-57
207
676
263
209
-817
673
72
975
295
956
-382
332
-670
243
-521
-804
-496
-545
-715
16
199
-468
104
500
-213
-27
275
173
598
-347
232
-579
278
15
683
754
281
1
-655
-867
-181
932
-882
-120
-596
-235
-829
736
-712
-52
2
-298
-452
271
-482
687
-655
857
942
623
-667
37
322
78
-280
-211
-730
-830
735
-255
812
640
-32
477
-700
723
-581
-583
109
-227
-166
221
-709
-528
-246
-959
348
-691
1
-239
-229
-670
646
-184
593
45
616
339
910
-109
-526
721
-695
697
810
-293
366
128
318
560
-363
923
-874
837
582
964
497
114
722
-910
-341
-473
-858
91
615
943
573
766
195
874
960
-343
365
-917
499
-965
827
-783
-373
667
978
979
-100
527
330
-981
-53
-251
-942
301
-942
-188
-501
-830
970
165
-402
-187
-384
-491
126
977
-684
-826
965
-257
-821
-925
-220
734
-146
-869
-400
-355
-685
-881
-871
-528
488
265
-921
614
-339
806
-721
-846
-612
9
574
-949
-847
286
-214
712
207
96
368
299
-614
5
821
-916
-390
944
645
358
936
-421
591
639
-976
-215
810
-79
-496
690
-525
-492
-405
-779
-44
-445
-9
-936
864
40
-213
485
220
-439
-651
-725
-766
-878
37
59
310
379
157
-796
83
894
-137
674
821
-856
-740
-760
234
-447
1000
-899
230
237
537
367
-298
551
537
-812
-12
-800
387
-183
-202
253
-974
-255
-127
312
-947
812
725
-547
-813
104
-312
-274
575
-252
152
-498
-900
-609
-686
-885
-879
214
876
-539
-619
-737
-954
-11
715
-647
656
786
105
15
-665
221
398
303
-886
428
-611
435
129
193
127
512
67
-427
909
775
-692
-663
323
963
-867
48
813
839
-895
-550
382
330
953
427
-72
-937
727
-951
535
185
-704
-789
305
639
699
30
114
-619
-351
552
421
146
123
992
-792
502
-824
-445
-574
-232
607
-618
-136
947
-366
983
-131
291
