0,5377807809729767	6,729848534312135
0,4200761774387669	9,681316930701682
2,0185105201538565	7,044751934519392
0,3758306414599297	4,9634363560926875
1,8534983810877907	4,257887066668277
-1,315190157350898	7,136507454664667
1,727058896212932	1,4827801690286224
3,473826261310897	6,117097584963946
0,4612984585596902	4,142014836351079
1,869577551624706	2,874137832711934
-0,16298418471692955	5,009547592064941
-2,261339202938358	8,603098378830069
2,360443508440144	7,123826958110637
2,528642840008766	6,927863500771677
2,2847338359409495	9,81022445946612
2,2714792367329855	2,2886735313409683
1,764430536380129	1,6098525821573362
2,0511039395509294	1,4988213492626719
-0,6588000811696384	10,05979560360702
2,8295826658939336	7,353293641000708
2,250011654733405	1,8718831692738287
2,63405979316891	5,413509607637042
4,095354821994009	4,748618555453328
6,613158712957498	9,303657172573793
0,6157467533525196	9,655165437389101
2,625118213423146	2,1157399704768585
2,1103296239250318	2,3053709636968263
5,17392317169824	6,5132018554443585
-0,09595395408084784	7,752704771548849
1,047156330181073	2,6719263176086256
1,4383159295420027	2,5067667412409014
1,6024536944992112	5,087585844932764
2,346553769240054	4,486781009405648
-2,4502034611237455	9,224494302412861
1,7194088633386633	2,5377030641511054
0,785726217057048	7,361758117074773
3,2809683257140927	5,751294410548113
1,1950881053509101	5,291460932259497
2,0578367656459444	1,1875497001167106
1,265864184515384	5,4845822909650295
2,3052691170763078	6,225350543569357
1,8193510306310716	1,525220984249808
2,0539820375935456	9,01873543805973
0,5588449951173784	6,552183454030368
2,087262128865598	1,4681105586690792
1,18283696566519	7,823254197761447
1,4375407566411407	2,275301665889452
0,4096287685825708	8,187983358689518
2,934917437318551	4,196751335910598
1,184529895734849	3,9644264639945965
1,9053491011691845	1,3429691643777066
1,6342342345371306	7,2149714914879866
1,6373404562958458	1,8905485488895004
3,044416715648074	5,126594338354578
0,0487710705978428	4,767633048305833
2,961196744831322	7,032380835129776
1,388053524168211	4,133103486537539
6,397335602816575	9,499926110510089
3,5367221783528535	8,348945644955784
1,1704396236684065	5,095838399223972
2,556388354829049	6,074931040468917
0,21040261826929973	5,474585253166276
0,6264282585036041	5,333847061918469
2,097635129794643	1,231119673235468
3,0557648769632393	5,134501930601438
1,9718265559892365	4,075343681932496
0,29374628174706063	4,63691613545926
3,1891160645943177	3,8338278624703825
1,5698339814034517	2,408803088097904
2,1515552794773214	1,8484094187511002
1,1727678148018832	3,663346658152784
0,30930862623775823	7,88755419974857
0,8365433066938446	7,608579296834126
3,4661543408256326	6,649221440027997
4,386538341664796	5,360650046557259
2,3471215959111102	5,664065075293635
-0,1030970059746692	9,815851154358747
3,648143767487391	5,482427004655315
1,1988337969064644	3,086725194562104
2,5782281490122907	7,01815994873293
1,9193130140768404	5,901541782153521
3,2811559369377177	4,803498497554923
1,3575016685386552	2,828695780188778
1,7080728605617337	8,734466648823421
2,3269691453885004	5,568762674432447
1,9794480471443712	1,122212289247466
2,0434601267983155	1,4402975045124893
3,425988408905336	5,291635625382501
1,34543688413685	2,1835693448200315
1,715692461379122	6,385887961840277
1,5279931936080047	2,963706005874051
1,742074560133283	1,714922058601225
1,7966721971916595	6,168939468946629
1,3066316487152498	2,613053742769243
2,0941529729946238	5,038952538133193
1,2605867710769398	5,6457195703927265
3,7533543220543946	4,275063366996589
2,647634512775949	2,757624107014931
1,9049841529067515	4,3873172425626645
5,357293122049269	10,015556612505772
7,786555013346207	5,153040468358136
4,809520799417372	-0,6419884961955935
8,18166924361128	5,18337421863676
7,43889220252426	5,857461739932273
10,895048300141251	-1,3432983336175752
7,984850720641106	3,6889714708889216
8,06929858122991	6,707973945020574
7,759028036492148	0,015818817041052036
7,921955023553483	6,517529424292349
8,460799750550288	5,801616958900999
7,754409838322146	4,690602417098479
5,687623997897146	2,977753483171477
8,197773283392367	4,0569087487880235
7,944569684290646	6,785607948621638
7,885074123280688	6,757970950110106
8,10696824647908	3,2856486504742404
10,852301341674309	0,3910973332072931
4,198582760694846	0,00900752421045059
7,692578011229356	0,9325058349065296
5,389152586809693	1,8713136626570455
7,110748850880105	4,107707638285069
3,9271437015292108	-0,5359908096830974
10,45217521692749	-1,3652792832732867
8,786296206499536	3,1053563703353144
7,788515708384094	5,877446572775686
7,943405783694988	4,658957941054775
8,212343161671908	4,210399643844802
9,087054198694194	1,4510645095457075
9,234337376924179	-2,63358544497736
8,058191017697027	6,487256281396355
5,676488225285725	-1,5884994035125075
9,068554016433088	0,1808603479197739
8,387953704804332	5,494810701883783
7,000790419920906	1,1784994430769054
8,846057016902176	-1,103048310101535
10,666371823805154	1,668023642445168
7,1577795143752745	0,9244574012139726
4,203834206858578	-2,2028456107019245
9,398464309520417	-0,2768943281272893
6,785659401200826	3,6877193647567896
4,148813292177878	-1,5470078984156341
9,41023691932982	-2,636038167999386
7,185539475580477	5,574089752584064
8,103727463635174	4,08279071673327
7,651500883478178	1,57596669690232
8,168712615800073	2,412105520432773
11,29816180804648	1,2085877444208846
10,054596734193595	0,3532209214631088
9,607193688209563	-0,017771135220342238
6,615097171209166	4,539804607237837
9,10375304659929	2,1099897956042177
11,582160233876026	-1,814268294772658
10,84674431236348	1,938319024963321
7,022306896779077	4,605426295325295
6,848814278913143	2,964226976514479
6,199994555353554	2,531018177639826
10,221465113180969	3,071924758459383
8,437627280009936	-2,1345983905563095
11,61704155717058	-0,01173479008795475
9,063911892928854	-0,33285308393113855
8,705993839380994	0,7203838240258555
9,426843270584767	-0,7834422473177822
10,143354619567162	3,1315643644657705
9,637658227475995	3,041243323406574
6,074566762183827	-1,3439092070281173
6,295447514637588	2,6274787101743327
6,186603797545081	3,5668162907533243
10,294130955967127	-0,26559972403856946
8,129026513677514	2,1687597884732046
7,814400642543778	6,503625421636117
8,79667450783016	4,629928566636449
9,03470201363406	5,15895880551721
5,483575928353124	-0,6451753372686158
4,278972675530143	-1,5791473931304232
8,51317367220944	5,626768164394357
7,177606034762241	3,3025296623741287
7,793558568246263	5,9839168062113774
6,501463246344734	-0,6056123889948895
7,994113976484101	6,9451772368918805
6,467495732045989	4,189323697149991
6,571959901180909	3,246957623131507
6,116271982304859	3,5863050964663086
7,008424027536767	3,729079724449952
7,2490414155170075	5,669326625404655
7,747745198671919	4,089055234584688
11,709012210000418	-1,3363701526259497
8,446240275820685	6,017008224138078
8,074169758691061	3,782333513239463
10,840531808736419	1,5993791035391993
8,484330251078608	4,810982441042628
7,061221542744223	3,567097099050763
7,89299001304322	-2,773329018792369
9,081415789128041	1,7710612954641318
11,640270574062736	-0,9961661366634642
10,147922377532351	-0,10391218409363745
6,392448922943952	3,6462783261024603
8,859638876583	-0,2675430960223517
7,296257742704128	-0,1999543439269873
10,099345041261385	-1,6057529050785622
6,09187904727066	0,18651740540795547
11,94030419585403	11,06995468797106
10,501848939655206	13,987565974473561
12,850363199401698	12,277516216330476
11,284420227970674	9,975351046933989
12,102401931012215	13,44265914779439
9,396995951380323	14,195140858941699
12,048744819760966	10,081703029232939
9,810117644234502	10,01591814663075
10,7411661728966	9,661588906167463
12,163809007729917	11,445734350240404
12,67723850019641	8,451019177361154
10,617299631236385	15,31330801742559
10,897929342793994	12,403110010920393
10,29432530953279	11,406732995709573
11,464828490777816	17,207378860009012
9,746751258941988	12,775976814752847
9,929035507613799	11,310026577143915
9,42539838099491	14,370137176234007
12,715736908662475	8,331313779782883
9,746276106126285	10,527964157050652
12,77666581717652	9,440316235475215
8,171141765019923	11,198767310625424
10,390017500773062	17,108141936368874
10,140075461609575	12,39098010456372
12,795514630681598	8,387814557568502
11,2930686311289	16,861854288075776
5,598434680642171	14,538998939460187
6,91060973679003	11,656820104900863
10,446530803136998	11,586232727954648
5,642643454874541	13,107535895978287
12,746592458038455	9,547455239367777
7,7385151638965315	11,884273768620693
10,201693789764564	16,884494032389988
12,43905314922811	10,349473606354618
10,84438958840268	11,793537677493584
7,917632159311249	13,551655927484386
12,057863992349505	12,165759014792808
11,397776857394643	10,832096123636072
12,765546522032464	17,519409124099866
10,864578228679791	16,506891674960222
12,407855329837709	8,360734455288004
12,914379972424484	12,368558213479433
11,538070996282558	9,552291208663693
9,142377161395654	10,783217548386547
6,834406092874583	13,88438476890479
12,050043248494145	9,210508723494403
11,48112020405647	16,400236526222496
12,727682693877215	9,601158469853987
12,77839687264654	8,631213965509842
10,37113769299415	13,183624824118615
10,797229985357982	12,678846954284477
11,448423666453563	11,740777871628689
11,602223678538998	11,535393978735147
10,441493819353944	10,18821521238983
11,234279235050293	9,264981934105801
12,489205900909175	14,93559529276219
10,779193976449502	9,998690129131214
12,691393916565364	9,856094489691742
11,157810236401643	10,94758125828653
12,997061113700266	8,040416263743381
10,525512049243364	13,967138499037198
10,075923145080056	12,305599968526911
12,965859312066808	8,042272257445898
10,26216304800621	11,318582890818755
6,08022837635917	11,99935207414533
10,852190435753275	14,213736318006436
8,174260186561384	13,728430460549774
10,2843191224222	13,567989416098209
12,038941567086304	9,546187686780872
10,721252661388183	9,67786128823295
12,979885513246597	8,05887200699827
10,345487920341391	10,793228565817401
12,437248563679157	9,798773245117191
9,93144950509922	17,290105205583046
8,605251032410536	14,74650651414298
8,293321638145242	13,891235671774364
9,805617400000035	11,94020347939718
7,287977993549823	14,222525891253284
11,459434328100087	11,335101675420788
7,103829943482932	12,729921246456492
12,425308544244523	8,717486702454494
11,193553501440784	16,40710122430807
9,787196018195193	11,554027312298745
12,974798745183257	8,092009928779643
9,61311080020134	17,308763134399232
10,239938822589542	16,35411595046437
11,272514020064744	10,389327509459717
12,565369339963485	14,05293149355552
12,955599114837172	8,356191392107712
11,687754729602645	12,328551697859858
11,402098221507185	14,636487145586358
11,637414626548068	13,305993665998734
6,3236102724458245	13,915075181654956
12,914195275526684	11,320739070867923
8,897971491937199	14,11815965678501
5,4639417912611155	13,049194636820689
12,418585563552176	9,51990157401717
12,702454876911961	9,005497828435953
12,172647798947704	16,66796187255849
11,931557843645535	8,649999547189593
11,562573771188976	16,86745384965402
12,982367237053072	10,673428052271559
10,328366584410078	15,83077253745187
10,847497146253055	10,264009467064906
12,162942228476037	11,478844845529746
12,811989394136342	13,124644417403037
12,68775613081607	15,619472118309943
11,034186659903074	10,431257490438119
9,667187274839875	10,209894262458242
9,883470996787564	13,3063610155436
11,665654753991625	9,817557674986181
11,007968222944006	13,7185358246656
12,07669250451514	8,698200425106352
11,784112465202197	10,962085809782971
11,81052419904242	16,854953931844495
9,514803352992164	11,159013262028404
12,394541153161484	14,32234712072185
9,583768990528002	11,994110972836433
12,964785565634507	8,185225353731218
12,457960591938829	15,800204022718201
8,675851574775262	13,763608954369104
5,8544580055563715	13,196474646982075
9,375285714203796	14,434274832299067
10,534243227009606	15,265545821788312
6,648848658363854	13,206417217628132
8,831445466330726	13,123720447562441
8,431871243399423	11,836386272963214
11,605832072400595	15,343989267063264
9,490921725008409	16,393713748741966
12,434473479471489	10,099984409977246
7,793528456686082	11,914929707192423
11,461067873000568	12,418346588452021
11,281620342761244	15,393906452452477
8,214397281705896	15,013916768257502
11,716326358543153	8,864507762462559
7,682454408670889	11,691867106680133
7,971374936988772	14,825956964245313
11,585603087161193	10,373923896407245
12,266369496725375	12,265211746171495
11,798837079248951	9,098659792188728
12,46648664675243	15,837672017541728
12,952734292306543	8,351570713271158
12,770708211538025	11,644420104535516
11,898389866546102	14,360832410289447
11,277482929515116	9,436514995321858
6,161003494897383	14,153961248920597
12,70526933768337	10,750849458876885
12,936165976038199	9,641296193765996
12,992237647114047	8,405027455457807
12,04980042754075	10,787636145625282
10,352232743764983	15,358396197155653
12,884179106794226	10,382909561758817
6,71688768122606	14,032683569331223
10,284952136032024	11,458492543893112
12,645951238340778	10,010339806634196
11,74696366612351	13,165722901152058
5,727343887595663	12,720460603066185
12,215335528700793	11,677093129707995
11,119132791336838	11,64387748881311
12,96947643506316	9,985058150568833
12,523252914530246	8,40290345479175
12,713101775788397	8,486990838796665
9,7827555577422	12,172657644769906
8,785805648074028	15,389868998246016
10,900245685266023	10,309184033018639
12,296151240609312	9,043098305535741
12,920418448202806	8,66419869488343
8,940998626067636	12,206845227997785
10,160322491628161	10,894405918177437
12,200238407044564	11,410832827001459
4,756398724027289	13,440496171387323
12,543528230728896	8,863981690213775
12,079093734750652	9,793558132565641
10,139638279227611	12,816810998928084
5,832184972946559	13,63258718748397
11,442313806389983	12,204620593965686
6,257879134686957	14,46340761182422
11,729383391204426	10,588505223755924
10,726947800623252	14,904295023525775
12,508920381181527	13,302790875130025
12,035072067760918	12,211023348841367
10,495757307389884	10,98958053325278
11,128682666790471	16,902377762298904
6,66807407519505	15,460408051792072
10,010264211289243	12,517727290673202
10,940452891916976	12,18018237089643
11,255093634393251	10,155579254898775
12,367385537259363	9,587761974878447
9,132257423688788	10,532812708585437
12,16688116955311	13,268943824539683
11,55537442075909	9,111136949743186
12,172791437637963	11,101360895344648
12,449347493609093	8,450720841809968
12,997050020371603	14,447656524842163
12,01296857808936	11,31821152480374
12,245400042802439	12,692018336753955
12,777454423178117	9,719870863959121
12,582034255910555	9,758254833498494
8,62060851880278	11,54589125798859
9,567846550190437	10,181711350773826
9,46964143184061	1,6321858954541248
6,427888513083476	4,216739740713566
8,583739483364381	0,39062445785472644
8,512945520216798	4,22430755583582
9,386400563667301	2,0931583871628714
7,767050399128588	5,775681555615533
7,573469724343069	5,538680103282422
3,6767221114384894	-0,5379948798749421
8,256594569735949	5,529267507904029
7,950753674223084	-2,6103457724042034
8,749009947374436	2,966977335576823
7,942089312879466	4,566943516957205
6,536288632603715	-0,797629503408988
9,715494639551341	2,8946046463235593
6,883665352215745	5,025497826178228
9,836134182062747	1,6585371587416189
8,725539170194274	0,0738103082253101
6,1472944631581585	3,0056663338913103
8,807257939039353	4,049066148781449
5,64979989794278	1,262517436466096
7,413849625561069	5,330293468003255
7,616712203494264	2,883643932159967
7,308707911233331	5,463647565337428
4,087422464456351	-0,8670721942717616
7,479126393598992	5,063419106834464
9,790870724023842	-1,2969194683744885
12,074846136749048	-0,09897531554463601
8,201930380640896	1,3210090593525123
3,6819206922218264	-1,0906748611322588
5,185920862097765	1,5397980795854451
9,640580128182213	3,389131802233652
8,995809905023098	0,922234590761084
12,02090185188501	-1,4334636414230157
7,172485174039054	-0,7705127506008074
5,3049932210905055	0,1551736357512814
6,186810450021671	0,17622642766052277
4,42598997504137	-1,4536034738529615
5,998311569587932	2,946461443024761
4,046241272316266	-0,9296828487990831
8,585401049699483	2,947222151982852
6,325403087095215	3,0205088707613665
7,291619987724417	2,9227395965607563
6,3530267404181	0,22102249689859832
11,447210059398204	-1,3959326579009872
7,388041606598253	-0,6423477668393671
5,241304399334461	-1,6214858651505342
7,595678735266616	2,7128800345008397
6,435436311617961	1,6242319608775961
6,078081579641725	-1,0956665013277025
6,537098363937466	0,5300583650492099
7,966947926627554	5,917992219048534
10,30142029868232	-0,6684357642773957
9,863854842033462	-0,4334161823706193
9,48510899570649	2,0659780603377618
4,8240604915225545	-0,9736127601405116
4,633986905147398	-0,46952557526201755
8,531531470003948	5,542914737326141
8,733480168397373	4,909018354592622
5,534498123286193	-0,30237123285740974
7,437187930138874	1,5088587301609895
8,077044321575382	6,468094559125514
8,132564167543434	-1,932862425059204
8,156595795829201	6,671696709703206
6,837530029518829	3,4506630321117933
7,120788538373313	4,64410872865429
7,363171954634369	5,555890406170453
7,64595755963802	5,386220159625234
7,465418284010837	5,092773326912956
8,096352902658024	4,334880229958202
8,153676837262058	5,403955155947351
8,149390314313754	4,776384054238644
8,952128417245564	2,076550303755254
8,270994511982165	1,9804710266818022
7,709827076794981	0,27540677671942326
8,809678855095186	-1,622446107575314
8,463138974261017	4,592172811684426
7,861597701651865	5,86121928361626
6,917622594033707	0,6628426086451995
12,826207374034976	-1,6728162893545893
9,840065450404051	3,687638217140137
7,8818150100255036	4,576885449646686
7,290118160080733	5,301002997496432
7,269773777620293	3,2038105034821593
6,270933971372789	-0,983375106484071
6,2434006425391715	-0,4576700558247708
8,272871612632805	5,625254211634221
9,7772662316548	0,5203634644047925
8,665865361591385	5,554784866137247
6,798756266565864	-1,5422003682274834
8,138877240519138	4,9675519212161365
8,102666521202593	6,683074377114534
7,9164070271572164	-2,2057574598346914
7,832682976126574	6,054828365435135
7,915678425345871	1,6140248275629876
10,379226894866601	-0,8591216156733088
6,654178026839897	-0,9659734578642638
11,117756625819554	0,018209846393197893
7,578224064377057	6,090688944548235
5,9167855343923375	-1,994438514020036
8,629559336037987	1,7324428095565452
12,436727912436586	12,118370915362016
12,366637297512606	10,142260279787486
12,939192315666388	8,307960260891734
11,774226158231563	9,050721194256338
12,785606051923573	8,320577668371559
12,95986698562076	8,139749853779685
6,028587484411652	12,713916485362397
11,48957387383246	13,810944426870261
12,854038710038628	12,52364157408659
12,679781219120027	9,596390726369737
12,606827019993311	9,38221733438291
12,230975143237261	11,322080881882679
9,857010207920965	10,09961591293973
10,801070205667598	14,162469553204188
9,24024076500918	11,613667860306077
7,7834796684140555	11,981533330837198
12,269209608073929	8,558967103189234
12,836882006584045	8,204189045008713
9,444125524840533	10,845127125516727
9,301512700793952	12,148442769266293
12,39475917003274	12,765698627909936
12,23634055218679	16,162031019645895
12,98059461287084	8,105016580681484
11,208763779698643	14,799598737231191
10,922222469405021	11,303593425552725
11,688987509623304	10,152150382773364
10,422438961008256	14,461748446589613
7,675184025373865	16,15235680168332
9,33298150253646	10,678143763831502
7,066887193093156	12,2530135398194
7,595182079635948	15,696147353196395
11,582914698327631	9,407446078143773
12,900379055376503	11,706959774116594
12,154287864397215	14,012087154286167
9,05092804790069	13,42270739448377
11,12437696516724	10,68219275839584
11,13877261624202	17,29263513500777
12,530175587985225	12,492322241433872
12,724026500558784	8,200584585096859
12,396223733237504	9,032951664719231
11,405967801315485	8,97427720888696
7,171651951299047	16,02337438420568
7,419775453203963	12,515575743323199
9,603765865851601	11,208906768623375
11,844814788486032	8,96369557900412
12,808604212530376	8,575892300757442
12,367192978805639	11,381296381995522
11,456545179368646	9,642730811922238
5,544849754155809	14,124616456051285
11,530407212860977	12,01811653368675
12,390736278984878	8,903864717629885
11,085835503141324	14,160437220330328
11,784167517612099	8,804140888908044
12,840235923173543	8,370595806631222
6,943024808074254	13,562278142421622
11,424681643163812	13,957206584461634
12,970282692012656	8,063480431681727
11,186705722081975	11,919380133895055
12,89887726290543	14,330114201603028
9,304346470338396	11,242287594554249
12,460692741728675	13,524244190999354
9,052010751482408	12,04070881485783
6,543216426304241	11,969350531004848
12,621558915085911	16,86023429514691
12,135967344607524	16,913138757647552
6,491382152424624	12,657584898467794
6,601499976703999	14,056785324929242
12,949663596130776	8,07168235179106
9,0620013394786	12,760156104151946
11,672352194327445	9,13907187419186
11,507098208379567	9,055269462027802
6,379617294517837	13,916701775332712
10,500377814373994	15,603279201051247
12,408630883040361	16,251291861641917
12,481431774128797	15,198825004371281
7,394842828106019	12,166756869532977
6,384275229355077	12,86612191667151
5,645716254193006	14,6752544666289
11,021505415643777	9,529663634710744
12,610138390556422	15,227706351718583
8,798581584439734	14,036525084700578
7,534914804055973	15,517844361680215
12,81941603458254	11,414576170638938
6,21784744291537	12,915679632349132
9,607497201230139	16,814480362774773
12,421990630483448	15,082396558553928
10,093312875294362	10,316618091216062
10,883430984475911	9,47264182124646
11,716072929302136	17,580765136143427
9,694558738688935	15,200431476020537
11,587238627050194	9,458004610430674
12,018877503754894	8,927073830447807
12,730227591466258	10,37459164367852
12,964168386382049	9,852736952921642
12,747859490337273	8,472245577681043
12,302892822681219	13,61276199037654
9,911056367396597	11,998794716360756
12,964854215655954	10,174254343566338
11,377936189102954	14,513079301008432
12,986902181218376	10,220117195102848
5,483831119019898	-1,814635460582922
5,908419089959702	2,551743883997376
9,104415885146883	0,878120170683804
11,598312913271307	-1,0962792585875896
9,863008115122865	1,3207429186757391
4,704366618988465	0,39896118217940213
9,255534086213771	4,0967738396301545
10,670053595258103	0,36628148728563037
8,425602548174298	0,9876977045984479
10,122355646000564	2,6937626261644416
8,540758265003461	5,25461351691021
8,89844168027789	-1,54665588638953
8,85033325740148	4,7474299435464085
11,088599024087888	-2,077100560632969
4,150729935563946	-0,22850398577778108
6,073966077495944	3,5647851247259643
6,991763215538409	-1,8463075357382799
8,768548333593014	5,5461740641907555
12,010449707073	-1,3697192559552214
5,229007842606364	-1,0077375244784452
8,454455376936735	1,4224886026983432
9,414488407359606	2,1812159858225577
5,390135393318619	1,0866657251402962
5,456518622249708	-0,5665794674904374
7,080543976678521	2,816310168975514
10,288430660903098	-1,9321107489256661
8,019505757073743	5,847343834589293
7,3530891047419535	4,766089885383637
9,22546434351812	4,1926125077991365
7,289888827902596	5,521477488774915
5,8473412196610095	2,8523666506147984
7,514310117927585	4,729263194242585
5,400608963187564	-0,04630441011114517
7,091570539372519	5,319973875846246
7,897130601296854	2,334836028945003
8,936898903343344	0,4062577971950754
7,634401526533383	3,470428239291046
7,689510658140989	5,797790424903917
7,983527960133807	6,09362070504799
6,149490557944509	1,6898995941977732
7,598371974637108	0,5816264687412849
6,849090535359224	-0,8695034437840166
8,027151560378599	6,230488965760307
9,633706933505586	2,383481644262913
9,140095442199552	4,955590391264263
7,7594966381060955	2,600575767291331
9,700996816940222	3,457881079245222
11,977809422038552	-1,7693000711993552
8,208139127327433	-0,4630445608193918
4,060674158811693	-2,1044519887281137
8,39541433058025	4,5828612177460295
7,420545627990613	3,3803370143210367
7,703338662207114	0,14598387078324837
7,957351769031197	6,849869932437429
7,022319958518093	-0,9738412987526806
7,218777635655891	1,2437337121926024
7,074418035573957	2,6750982875166667
5,41008920886844	0,9516045628135421
8,12663425056156	5,950775802679134
6,846504757166334	3,49469726906883
7,551110944130742	-2,414636471402499
7,623970362236216	1,6039025672828622
8,665169452505172	2,001470352334576
6,887998006237311	2,7419162009528897
8,981725147753744	1,7222252938605456
7,155177810791757	0,841060266122664
6,5442618145276406	1,9700949490414432
7,641113586573582	5,920220595587593
6,901204485552063	4,157671030094018
7,925513981967242	5,439712464858792
8,924721209222634	0,315134296280724
9,57395755846403	3,318485189981252
5,368934118967866	1,48259908862764
9,644598991726884	1,3499388453182206
5,809589980510605	2,7322959992538474
7,2004750591537094	0,021330616789781764
11,78646000151183	-1,642678299419341
4,5624329362738	-1,9448455525973536
10,58438661348881	-1,1437121368913221
10,652412136079315	-0,3629263085106045
7,100740300128495	1,8970922340942389
6,5342262198517576	3,834137475099798
7,2449900607913	-2,4485246871930393
8,122819922023705	6,298404374412049
9,172660280354261	4,37314894920209
9,641131092160702	0,5778945712497165
8,516986171952695	3,436737147248126
10,041286092202103	2,3895119947439465
6,630604371927282	-1,1367979331991869
8,84028169303755	4,105620460130944
7,957019634739458	6,744062316792047
8,000789435707548	4,340092926345165
7,419233666110932	4,105922638423712
9,229083948998923	-0,10464520618147333
9,229763993982372	-0,016922059723711413
7,113177033178553	0,6212981428386355
7,778836413863171	3,3449573421517766
7,64789066609336	2,512142855935646
8,854699575544911	2,2500164904512374
9,05418362222862	-0,8002282569071664
12,255694312511691	13,338899996933932
12,995057434506649	8,009097530420755
9,39593897110217	11,273773030960708
9,486758484047312	15,354322952156595
12,610676585530587	8,468218330085667
12,164404877327195	13,963055207217307
11,339838434496711	17,194544417071604
12,098393937024937	10,214076129340459
12,405965468283977	9,753594180343537
12,66557813024062	11,56331538910171
9,660493044117116	12,028509110918371
12,335942207976364	10,02565819858145
10,940620880836487	12,461395067683736
12,764541787546918	13,754642388667587
10,613421755425927	11,260045905358645
12,039939183898463	16,08494641476352
11,978010035006909	10,145115185176813
12,976733586890791	8,251732604751034
9,502178373688908	12,291462588410008
9,766810140367781	16,57530543417675
12,484939784914507	9,288565953565223
9,1690775836259	13,583892263712006
11,26616450191257	13,535393975224324
12,361885499371025	8,674913753649145
7,489957977647936	12,81114214776003
10,606675263039037	13,110583726430214
10,143853607184226	12,661805639315688
7,2873232069685585	15,620831801311134
7,542910608688819	14,2451761371874
11,580046970608725	10,78224252309064
6,968092131386262	12,570372035266322
9,810848149605672	12,322791453008989
12,407336189981734	9,805612899331848
11,800352906990677	13,318697466235154
11,692621552786377	16,384822023317497
7,132140610704135	13,843312010432083
12,953639439291939	10,729300911998685
8,2887778528906	14,700771943652018
6,736946718410836	14,50588064713915
10,429569589664283	9,673664510233
12,14942866742725	14,72223342205715
10,295300382031671	10,646016459724349
11,752413498465222	11,762811348546776
12,031882985372855	17,018910120014425
11,133988041239096	11,025985328740251
8,303641434562252	13,920734868221519
7,304447329471975	14,170638183257125
9,394337294236209	10,42273862743899
11,10660277406718	11,581658591664066
5,5004607552198825	14,519063477870532
9,108522550167288	11,971067245376572
7,231728951533413	12,105689178004834
12,364490934880628	13,21505617810623
12,637421020468715	12,573567820825811
12,376784301203795	9,418023763785893
12,655383389283992	12,855886318356804
9,310538385368014	15,348413095006158
5,015743274047648	13,51362305546855
10,379122942303662	10,120763734745754
11,582641096120843	13,450246223493894
12,89884030214786	8,071554309120124
11,320253082802227	10,069004885785287
9,760493078062888	10,078604564039
12,207406976094658	10,551901218360562
11,44229264726956	15,306263455585274
11,943489377655338	11,044295858543883
12,71378527446174	8,476249887701869
12,135529648342306	11,586481589012678
11,165970439421093	10,36675599026559
12,604353165311379	10,830206680697028
8,406207368412083	11,983994206906829
9,923670021078474	11,120866146268819
10,480893932993357	11,35933427777248
7,898331268115119	11,802564023209891
7,711414099378547	12,166441901146555
11,047315128566005	10,64949574599876
12,578165069679303	13,345776398931545
11,852908158685656	15,226705234164516
7,048434387126367	12,966711132499011
10,905920633568886	16,68950742310637
11,01807660767957	9,649959663035553
10,016034032638593	14,141341557714773
12,88418380449194	12,044761849272186
9,54875320288039	13,272055255276813
11,184796760017193	13,859204570074553
12,695986036767026	8,797126911382279
11,164349440460487	14,512068770784822
9,549110107555475	10,012082903866776
12,403579688801377	9,232107008529411
11,878939565593564	9,969938735105002
12,453693452491773	12,768518728423178
9,927884430516961	15,134872695036998
8,97277456883826	11,162885558209839
10,496369733981307	17,176318668926527
8,445442225804271	11,516971131870285
11,323735810808309	9,27110443059271
7,866664931339845	16,444756082615314
10,22148939467114	11,78634573774057
9,437306891693897	15,985885922548725
11,074800135541205	12,437489318565618
1,779075341388406	5,23190904355128
1,467814758314932	2,922811700317691
3,977571949062831	9,320651708320861
2,336838605892739	2,0304598733855013
1,9624290421162995	6,729654771338514
0,6185910501423277	9,499627019551621
0,7632541288096986	5,034288862866131
2,7751482693379685	2,847685014870782
1,7719677147537025	2,942772484299219
-0,9863719541529061	10,460794138541885
1,9943974672438936	1,0137046469104438
1,1322072339272036	4,431883289618537
2,048194412181511	1,258379654369075
2,998451101672382	3,8137744033643624
2,903935314191347	6,5165566050351975
5,237959792595819	7,262217337105584
-2,5183502311634696	8,993669416534686
2,889609427285581	10,179066396659955
6,243429097742237	9,258567451532244
5,236453310412308	10,141137931068306
0,6296512906825338	5,048007780098468
1,7526496749348126	6,1392958622672635
0,6565192887640354	9,720104417661629
2,308646285924275	10,536445996066764
2,1406159924725268	2,37279459238896
2,8373252466707286	3,4341295785842973
2,749150109942534	5,212461562343153
0,903174522827279	7,258605200403912
1,3060971196828377	4,084594727531321
2,0020301577501236	3,3332117804942545
2,101841348234965	2,398055899566984
2,0766330358581078	1,148062160223484
3,6582681537900106	9,010436158709323
5,616717447721857	7,640548029559506
1,8307528352287221	1,6961094950841824
2,4235416781950705	5,76661640959268
-0,8445812883594885	8,976767543063751
2,5680081738572023	7,6683054609091945
3,1608905302290067	4,2552378583327695
3,626211697341375	7,888313400161852
4,5431054619623366	8,394927658252117
1,3187562441599576	3,4815543452421904
1,9514380836405811	1,6116588405054113
3,44816744599804	9,82628750237392
0,13405265351583906	4,361183469469651
2,1789420878853267	4,838693977192522
1,8945777230877818	2,283604010782108
2,2448805585571785	5,044084229973774
2,059144348204476	7,196677419926537
1,864502890040052	5,638112055813432
3,97134170829014	6,7698465201057525
2,4324929349771978	4,171767856688145
-0,02765427509995444	6,539533935137203
0,32856363489210927	5,681369427889351
2,4725203504673123	3,2188324765133975
6,335155367924763	9,823156148724255
1,68145986785396	3,032153605590742
2,6618938001853514	3,857129681064166
2,887319631655961	3,7240164083844354
3,0758074228617147	8,924478634980215
2,2264733605247127	7,520211237221224
3,4396944682944994	4,715346845054057
0,7718281033813232	7,795096239438131
2,5403530181472327	9,807639268222234
2,5543998660079077	2,16552109509141
3,111178894562147	10,331349639342307
-1,1287463431451878	6,605395822614811
0,7906952822759012	3,5472047593846123
4,948485494946681	6,466972968615658
0,8058955328676161	9,142548609601194
3,4041159631268156	5,575138699276368
2,3614289885556294	4,5742854655246195
1,0851752092946199	4,34820140105273
4,267081816900069	4,949924825059857
5,285989920621655	8,766733321235591
1,7532205984111866	7,398980586241625
-1,4277611412834244	7,436315054243187
1,9986617261131554	1,2948892580570286
-1,8137360310293387	8,783521826855036
1,4131292347509712	3,7708993903197334
1,545103357720847	3,895047847631003
-0,2536292795798638	6,255110117978274
-0,7173127500737588	7,803341440171411
0,4488016828007264	8,702853362379017
1,4544188399125175	10,11582400779793
2,076821969080556	1,3749986277990627
1,761161124506999	1,755993487769799
-1,4876430566955712	10,021104479843794
0,7789477694632274	9,386312332028776
2,6537058167798384	7,467818257181181
4,861866445346001	9,567376190552512
1,1526637822714378	7,076748528458159
1,4828113576280075	3,595013891231978
1,6259617605131997	5,680866567811875
3,8231969339343745	5,616587770715621
4,745512473164383	6,881216736856059
1,4836491839372896	2,1547185685338466
0,3320113442042436	4,908010746514397
2,002869093247988	1,990366707859184
0,03216627906241487	5,00036617580554
1,2568337192996863	3,5252992330104314
1,828528789943601	1,5806123330904929
1,7266315281570563	4,461777210864945
-0,8964875086227981	6,330418524515774
0,06376853278582484	7,877452120031866
1,5961178675972092	6,855814491356362
1,1989160049935932	2,6247826501878313
3,323846746064211	8,780679731551938
1,4400991786324977	9,771965872480992
2,1881272304866375	1,4376788399414933
1,4765995165058499	4,422003435309096
1,8180371911485358	2,0369348407154906
1,5139302268518673	3,7825781420838327
1,5766090788203748	9,38705672393163
1,1774742516767651	3,5755358728321784
4,444844320907716	6,195711228117035
1,9954428704026639	1,6909401530291726
0,09090867316681517	4,56706477325155
1,7149099414048128	1,9069542786441323
1,6896842839677082	2,1328332238767898
1,595837330565962	3,818200139574048
2,026433997694227	1,3901046340292025
1,5222875224586998	4,025742072836255
3,2737262153446993	5,219140663452383
2,0730469315470565	1,3480083034831485
0,5817063289860978	3,7291971903830676
1,0399422161439027	5,001507311939738
1,9041751852350701	1,6454764632475642
-0,006884893812635795	8,837259474922861
1,3699385226746221	3,2015769301762838
2,3923436489614844	1,6840058511140281
-1,2448810363216172	8,699837325306707
1,5544063828563535	5,46365297857327
2,3671364064684868	9,572110326672876
2,0299573702322027	1,0689412032000782
2,554669263814195	3,5351257225646906
3,0116540047817706	5,978603012429552
2,7683662597367773	7,857088561981777
2,7525048912720753	5,998611090581268
2,3410323340781627	6,398184262101505
-2,142306215649966	9,96839609232696
1,9237233897769923	6,998552046937486
2,4130639618948893	4,742315363227263
1,551689909812877	6,640020371963846
0,7266513361835256	3,324373936901507
0,9323481565929643	6,0228070893501675
0,27290418033001496	6,185148914858083
2,9651015693772385	4,002812829572573
-0,06252204149592222	9,951969900932982
3,284472623362001	8,232777974653915
0,9124013342186978	3,34274199317808
0,8455030801014396	4,1717490848837215
3,2627669361431844	3,312944448204174
1,9777787092792798	3,4511939151103608
4,807396730667293	8,279990672045951
2,6333225822795363	5,235710368335225
3,2838701265705454	5,612355722246208
1,5898827825628408	9,717892274417993
3,389949625461699	6,055677595554914
1,3298169780206797	3,4149414514304546
1,9941295797617402	2,137094503137302
1,2709784435423173	8,45168637358655
4,43470697935526	10,23520284171565
3,2045867127796215	5,669424059317644
1,1728559594807635	3,7493971279449294
2,1836964808027792	1,9370281169741728
3,87964363412084	7,570189378907764
2,000951340901667	1,0128593035500155
5,617488576182182	8,87316848192112
2,293095156946257	1,5123094232455645
3,503854341796486	6,054354673047812
0,6906552071803906	3,3250030651123867
4,143379368916861	8,770453558999069
3,417206860513841	3,5052220885209002
1,8393852592948907	10,832520947898429
1,0647234994257353	4,029114264970626
2,032927210935448	1,1978735038403088
2,4780724877677565	8,439043788491109
1,8926303975752266	3,8211371077699257
-0,013876964049036822	7,155494238253409
-0,8676045659875755	9,616641943827982
-0,8663256523160117	6,627503838260272
2,7959838403886685	7,504706934357009
1,6458902986745292	9,50531629114991
2,593638792210685	3,3290020054818714
1,1893102577132728	5,96615759979331
0,6584660615037041	6,279911473868115
2,006271131738282	1,0281688282343358
-0,5396920173175266	9,987543386655684
-1,750143097898174	8,475072528144864
-1,7628608417204492	7,916520612433621
2,0412593889484296	5,35595493158712
2,119754079248958	3,4365023053730344
1,878710593359049	1,814218795896274
1,5322571709771968	4,590756292141352
1,9509502753285344	1,096781629326534
0,24718509919764164	7,898089354424598
2,0580563260867333	1,1113770309333137
3,438191279257181	9,170247169620216
1,230975997781913	4,070035430322653
8,420072750511897	2,8442751934062445
8,168406235119962	2,6487734568242516
5,8704490260389335	2,1183852424442087
7,747195944047193	4,676890959485041
10,456113823141674	1,943236180080012
8,725443388581928	5,329633761791864
5,25666600278606	-0,4820101667710377
8,486590381397967	5,585245354408048
10,068517791715156	2,633855964951615
5,595074154548303	-2,0687912716145576
10,796035281038451	-2,091319712104294
7,849352818725351	6,145336229771445
8,236963717509319	6,2758988177388355
8,755107387018981	5,008160969601121
10,18045195698624	1,9001946400713123
8,955981343718003	1,3944997906346037
9,009569535446424	-1,3429587540348642
8,192464749792215	2,366227729469079
8,906023953899403	1,9838678261415055
7,974427447327923	6,9546398976590105
8,806959138837298	2,4230736085966917
9,077733044677249	4,695784746068012
7,145219006730418	2,8580205907851974
8,140731315345489	5,59402947138144
8,85545474186099	-0,863817867067989
5,345471595300466	-1,1047810859353397
6,45097856018548	-1,658651673206176
9,624813392749768	-1,0580654772378484
8,29461809597841	2,4313447938122454
7,774653389166748	5,555242619443947
7,920441755607891	3,2613687668783857
7,9469224721409235	3,690348945115469
8,392487344264644	-0,583065715801669
10,185765091447829	-0,9245246178897375
10,019904873954246	2,244211202900563
10,009192651909936	-1,8670315830441684
8,909611406003947	5,21364964716004
11,389902280840762	0,9591841619208754
11,809724977700473	-1,840385193753617
4,74907928523061	0,2184926624281882
9,765198576971487	2,4034047829382343
5,226986850809128	0,1068301553184563
3,6556345866101605	-0,9135412457411034
11,913188207638754	-1,6543862356812316
6,844381876856636	3,4743032634404294
11,77661638606532	0,0865973630250787
7,161332296203302	-1,722934301722617
10,822115379819587	-1,9171795921399468
8,478894724227688	4,957345093230708
6,436532641403648	4,257930660549432
8,03049117009464	0,1878946336032783
6,455346249091205	-0,296069368329432
8,614106571091488	2,5960548504894687
7,1012403964045765	1,731305447713761
8,028121869042973	0,6698029926223139
6,053198822807802	-2,663309603548944
8,566714066317097	4,724197901233323
9,038860709550368	1,478632140176349
9,345097930341256	-1,2773576135509774
8,866994481505916	3,42771184402513
7,413574588339723	5,9827114747432955
7,585180828088422	5,154853448028648
6,045502253773494	1,008357351937926
7,100187611099566	0,7745903202865847
5,762798660120909	-1,838056157218988
8,339203227541265	6,348536688229822
6,739026191894633	4,435348792718704
7,4180725270547025	4,014497287354926
8,146349929675436	5,572443612866877
9,043480843747613	4,337841053523755
7,863152742589897	5,33892439411471
7,310761711964689	1,1815329128237524
10,910635905532743	-0,35184608439431475
8,982803084790612	1,9212427722134997
8,302717951560833	3,0155270441857756
7,91029968352034	6,799466563398615
10,680720889133127	-0,45027331047459906
3,4111211588897854	-1,7765158739804257
8,233932634656599	-2,7713718146140156
8,48611612673567	5,102906547093097
8,674266824367566	1,8685166602418333
8,453995667300187	1,4282203251829388
9,100842534461025	2,220773764057312
7,616518403501239	-1,5652059390425812
7,093141018206644	4,340163246273048
9,767909052412579	-1,9664338212894847
8,213970638447272	2,72082105498993
9,716468019915968	-0,9078844909897965
4,678203230419543	1,0055454155255372
7,922308258707026	-0,4174270978524124
5,863479297451025	0,3268202848128281
7,767636433734546	-0,8001703363241965
4,06730720055808	-0,5811145859341824
6,624116939392682	-1,1956280500213357
8,151685944301557	1,815548516030038
11,150449660452853	0,9414915364334355
9,423534814223794	-0,7091184366278496
6,987571525902122	0,8126889777292483
7,993551288679988	6,236184247305901
9,58296721051368	0,9623852420972456
9,634397208756091	11,00795744924141
9,208765567045843	14,09062780567994
7,306314042190444	12,78703086646984
9,432358953705869	12,929306554951788
12,54707697442222	15,812305493079023
11,733480096325533	16,082420890515557
8,745574792872532	13,676388585719238
11,225555679485822	17,806971156552216
11,931687197036364	15,97615481714719
12,917377264436757	14,997599279010238
8,774483357640126	10,590725931805558
10,764405455942812	9,837452258876253
6,7344897084235935	14,869310922988198
10,95890301765859	16,25788320627147
12,829482810623508	8,210170392268857
10,069544671480644	14,04910605731867
12,232824069511341	8,519145662496756
9,4902243778235	12,134785599986664
11,525947191651593	9,122584331750389
9,117442603017416	13,098504658165346
10,975734829426406	10,578850542233383
9,533240120176467	10,387478317540246
11,684715892068155	8,912628010273114
10,62943864718451	13,727442756336565
12,403787742833357	15,248258069260643
6,974508251347419	13,500914602169333
12,775253299645838	9,521296156186526
12,493598198509915	8,655847398699553
12,340203351263712	10,737795015385219
12,95910153733999	8,025824751023714
9,85214994334021	14,888035994913958
6,598013074927986	13,181653884259031
7,647265097026328	15,206110759544208
5,864895180320495	12,271741449038226
11,884816867410567	14,175185869019149
11,342015906977686	11,471028768160917
12,957702147833112	8,219552133526703
6,323698370270765	12,29625343956408
12,552959329227928	8,467348349849736
11,654076082644503	9,337582625340321
10,902727326304388	14,04995802271183
8,860375636677873	16,28672241696627
12,696012327171237	13,29057139568814
12,090725501970873	14,606007955684387
9,174836661721336	11,976551381988722
10,837993591179035	12,73315702638112
11,853190881408878	13,102100959969489
12,792358693493751	8,321230081698491
10,197912575046667	13,247067208229169
12,84428368581231	8,201852130900367
7,2978407321716645	13,664797617398339
7,5033071739989	11,397830796714395
7,221690919301051	15,697541893447855
8,479442452381118	12,062149077774546
11,015959664021656	11,910197265192394
11,887204370194059	10,028570054080316
12,026971163688573	8,903100606748854
6,1676076992323505	12,364547124840534
9,070869530237886	14,01700044961861
7,049099732077361	11,579705591709443
10,733710636103048	11,07549986697196
9,26262113699541	10,696299203775958
12,066496364475778	9,217621707126034
8,265531202734326	10,790470499155761
7,442872533745981	15,142211454651122
9,240775743410728	10,530291608284138
12,99158832997379	8,208670905680947
10,205760281975685	11,423898987175054
12,221080200380797	11,800040087864145
12,929717523197256	8,34450139354609
8,246112787574855	10,85913907001519
6,310179930295612	11,976828863197102
8,697220793311502	13,640499541081448
10,924391035079687	11,246790685481997
10,832145884901959	10,390853060690299
12,735046894875467	8,967879734866933
10,8216883361476	10,381280080002988
9,366781671630616	11,394659556175661
10,90560758025926	12,404497009688424
5,184292071748798	13,029085371004683
12,472659234011365	13,256291193089066
11,621134799174179	13,444952075119868
9,651223706803563	10,35937447472982
12,319720926988017	8,50353542676038
12,507608821289514	8,743577529466936
11,773045319228356	9,711814606341067
7,134813494571299	15,864207455144827
12,1420912735534	16,004840585610467
12,747417328510679	8,23233962519542
10,733597809155288	11,236398695590362
9,21681336140826	11,977150444989164
11,719695067209114	11,993469810399308
9,887771681789827	12,12676648069397
10,620811145007275	9,660453179395446
6,113416431484444	12,3557177886678
9,116484236796085	10,96257682692527
11,014259813376018	13,398977918916806
9,823139579623847	16,258976443447995
10,234001876704138	15,936797432648373
10,806356410700559	12,705042975700968
4,962175901613138	13,139014362318147
11,65581005067423	9,126331985400968
7,462583807602344	13,24654816982014
12,058399632514197	14,26641889914734
12,43838093088688	9,297699843711708
10,916505606262726	10,14725001236759
12,671821680076437	8,31655063316128
10,42230423172699	11,362189371012674
11,000126511265162	17,766348185059126
9,84371270020944	12,3090553374632
11,607311206871584	11,061663727016452
9,928487352155447	17,287026330061877
12,722750154905041	12,703113869748043
9,24181609244572	14,425710265423286
6,752147405300559	11,87818923024508
7,5019169062921796	15,011082216375062
7,298588449766565	15,723925376316833
8,373601972264787	12,149243664762114
11,366178402784655	10,49142273162293
10,18879329479586	10,765536444313213
7,168624499422989	15,80425830831378
8,34054563317563	15,786323743284932
5,867974010851113	13,737846298687009
12,407601594413542	13,510944148613074
10,97702279582446	10,225251373977018
11,629682914009887	10,968750970092696
12,363160622342608	8,562113509108576
9,486525491011133	10,685008835777658
8,516067058262081	14,731863983278242
9,133353986319683	12,602307197924485
12,56925773205875	10,776462719939369
7,363402012320612	12,799322865594629
11,086025028406787	9,963037039985844
8,90665378367233	13,539338471319414
11,922890978636087	17,49379280589596
12,689347700541314	9,569100457680975
11,70809106581852	16,107086374614575
10,975714687661444	15,326379086036361
10,943410367879316	12,800448455363137
9,753329559203829	10,65222334322435
6,941611241996008	12,909384664340713
11,048763001815756	14,736541030560534
10,043576401785742	12,136642919665842
12,699392229607048	8,705756114379097
11,987828686376147	16,486522227718346
11,260196643354819	10,709204468206806
7,736360579186675	13,563152510381101
11,120640423019106	10,921683726115926
12,90279779748951	11,734167428487847
7,597559765282901	12,328381330549268
12,286536886511726	12,626600893922152
11,134497941921294	13,69724012122592
8,161078863562043	15,248332561769708
11,852787945848105	13,073219457405969
11,550679637806269	13,960866698330637
9,4226488307789	16,12502456831463
10,47039832240173	13,275980769769218
9,59370870688364	11,19868897579383
11,86436707873137	16,471929969056692
10,892328441083775	12,976789036865473
12,985367299623643	8,138724703213962
6,093874423690162	14,928388531402618
12,634534950496732	11,302466627307558
9,556159611865066	13,975097391757643
8,390324967070523	14,874883424208692
6,288592159495992	12,00229334169092
8,067398729510986	15,157736246508978
12,751306650806915	9,42159938446106
12,71904137844139	9,235331207866984
12,687907299416018	10,24449949236877
7,962521089715031	12,43183055522326
11,988122433925184	8,846152040739971
7,596989885546021	12,127637275931951
9,939736750385219	11,608628173613806
11,764462157876617	14,65036867071089
12,931719994001215	12,678062108270012
9,390324500711731	16,50440385956521
12,93382109677316	12,242279142127217
4,544123656249974	12,949310146923988
9,093251453623061	13,839184324214596
9,819626831505397	9,893047086028922
11,89451423945047	14,040190992513645
11,313267185583213	9,93608703109006
10,974990753375884	13,878968845856232
6,760875581839621	12,198951742461421
11,613427179211277	9,338086067400573
11,529242822482788	12,784041759750199
8,105935778552261	13,237911774881429
8,662402188760437	13,960765633336493
5,301125605164456	14,1622761119077
11,975846399815827	13,525230062221555
8,592837191380958	13,764272266624886
12,866121370269692	8,463275510843465
12,73156032965785	8,620798269814216
9,818149680858795	11,990056706487218
12,520241931990116	8,739031904848407
8,708829726338994	14,364682869757022
9,664951703240511	15,84145803556742
11,301312614322672	16,840898384364383
11,307524671406556	12,049423593187981
8,876285049414541	11,734288199998183
11,701929837311686	11,041025188202974
8,213181617846239	13,337035871816207
8,042410582602614	11,54049854064373
10,80303761259525	17,403273600762503
10,763171907741967	9,342184130139213
12,709497033125897	15,230025333209042
10,726938638655028	12,18482334599884
7,509314845431392	13,494595163983133
12,815264240168222	8,842597287205361
10,950772730232433	13,78957294892135
12,161081989475518	9,588529641702095
8,2714893937205	13,47261839927233
9,130304811994613	11,260884631842822
8,192940975154013	12,639783386760689
10,805778994693991	10,568767127292874
12,977939409400252	13,168434884904535
9,87686191408259	12,227375400529251
8,61857314648485	13,664117756794369
7,786105796350577	13,279902227274576
10,488821913201445	13,60623597748124
12,909526040501879	8,146645342337964
11,412460245343393	10,162631304018541
12,919872620419163	8,142524715196007
7,343353317051419	16,175322801628155
11,724896569246383	10,637464711306832
11,050026806116252	12,015591282851888
12,453276867647803	10,541217901870066
12,926819539179638	8,241996993737727
12,921764234125833	10,715547597370119
12,188550160847578	17,651210237861566
12,847637839602143	8,218193532787328
10,824346654322074	17,344845758948075
8,838010975715058	16,838467015990403
10,245397032951084	14,149570513813314
10,214546503883263	14,735057479897652
10,464387369759633	10,700716236171301
11,710898045547172	11,363570701243908
9,263977678055706	13,12122297072315
9,637012329527517	16,734957183571737
8,655006409656652	16,466627723564393
10,279633093822667	14,724265604504808
11,89145986791578	9,705956957390663
12,013595749568646	10,886047411631367
9,468147191266455	15,286620132955004
12,8824729599958	8,87504084336806
6,78159505016805	14,889566784978392
10,18961205355578	14,100346087327132
12,88087694338207	8,083824476261013
9,069582163721048	11,570089612975604
8,306797599360246	14,576714172101509
10,158832521422132	16,355231445349233
6,547822104635389	12,386321360809422
9,899700653985027	9,833067486110604
12,610065074701199	9,149832736372096
12,335907207840062	14,872719713119427
11,781244114755204	8,776570089281167
12,414458292480424	10,747380735522245
10,692758950107184	15,967493511297683
12,385028353072999	9,1296531256344
12,362263001667676	17,146708252639293
12,160667782235391	9,587939377896564
10,550672680735763	11,627173591010083
9,339631481588745	17,254057107284343
11,142323017523225	10,111582543133808
12,39515056101056	11,628387700510768
12,909448596997471	8,656345389848644
8,046761119966984	12,749479084599525
6,793612312318565	13,127149514100754
8,795373301335282	13,799710884777586
10,533653785582327	12,151905738850045
5,022999195536949	13,180518859624556
12,074768776107904	10,005637680498632
8,867842311000036	14,720164882807634
9,109634728401865	16,713708681146088
7,326853349099644	12,457964602819104
5,0002920185862125	12,907046593376862
12,416951116885892	9,62057376160696
12,893950574915117	8,097167916117943
10,152061543029129	11,74883866028431
12,954703624128335	8,151000989174106
6,88918319382369	12,236570653826659
10,5060689576346	14,154671025572991
10,119248733572906	11,337954170074038
10,822168410958087	13,475900222781473
7,4119472441480525	13,046056593109085
6,906824382588342	14,125093957815997
8,561278073337252	12,209543658970976
7,499034603974601	15,650917198421526
12,277819783290159	8,840413094028936
12,589646254248903	11,012754566561354
10,516719125177703	9,684708613446213
12,754726137953	8,748608052280948
12,605134669776417	8,45895007807202
12,259473203601479	8,673427030496038
11,890445007133241	9,777239167708538
12,828638574511677	15,329996132903421
12,944801791524668	8,20425117735751
6,721039595258856	12,04532113121788
11,35686581412062	10,538312598745827
11,276313497288209	11,826861705142152
12,595230514994777	8,23375190937141
11,942957525219958	8,621371714196384
12,86760373178202	9,858969629579434
12,501785983983702	13,977082507394739
10,492120121693512	12,58744306478816
8,154093199008743	11,309170943313335
8,190736072542798	11,57162241773735
12,482916689987386	9,159319807018512
11,914571374107599	15,49562747748514
12,081705346509995	14,665322313929313
7,913490649436407	16,60664728321101
11,637562085175773	10,183206136139237
12,95894291371032	8,233786207030965
10,56339736523307	16,695760296075
10,602621117459249	9,985824344785327
6,45376136245712	12,800233079708388
12,924418033358913	9,889351248891575
12,678790807240153	9,240294684914872
11,96989802757773	15,012273898951946
10,217691719175898	11,059621499007795
11,869388920454714	14,225594397139126
10,866520315161239	11,649629983103415
10,972406678720041	13,405459151955156
12,920779598692203	8,142028937734471
11,351569229494908	16,512068416052482
12,268285695617989	16,086645730328286
11,543369029866012	10,643448059988673
11,47337774684978	9,15715721268199
12,676026549634551	15,0495245861197
11,284137634536892	11,05134431584643
8,540682610163882	11,179910383306428
12,8222246517024	8,355207855010198
11,734238088867388	9,82112408871965
11,459148184408605	10,156167259210852
12,373248318487041	11,47189561841798
12,608663900888843	9,66585941350029
12,69201671302704	12,973011048450964
10,866704893112853	10,297430020727827
12,900992518964852	8,181674505729793
12,272842508767724	8,42368134423634
12,921203516454682	8,072688474498495
10,908043102196048	10,621815491957705
12,740294218469327	9,68619728015323
11,757127651196317	9,381903185042628
9,669467914230175	12,505091972439391
8,768774210681647	12,01313662894449
10,31140755586766	12,397284583629418
10,797862275764443	16,280178215565677
12,286170811834014	8,956076711673333
7,727075359082902	13,266863508463985
12,886568104702686	8,137487794776536
12,701317454602819	12,965234204159254
9,772886247002807	13,08229850454271
12,499328394064516	8,83188617296725
10,223418007883112	12,853290595986858
9,796905265730787	15,961734563414568
10,497976726010876	9,687086848220149
8,118929074027278	16,49298798794525
11,843477163616374	9,63657271892544
8,998497550157282	10,854086523171569
11,73388245064085	9,189773070543724
11,130928607298152	11,544272277657566
12,792761036447246	14,811660746091468
12,064610840157354	10,186534215551525
12,902949938742045	8,289332363448164
11,026611389263868	14,057741525429456
12,150782845974177	12,121810006921159
6,390283532440806	12,127756651477767
10,643957337309221	10,185002461269741
11,052167231398114	17,30379348137378
6,759036552349701	11,753682223050383
6,082280527687493	14,989958483736682
10,101309731676512	10,217997176731723
11,244640798105465	12,22414688083482
12,030116404800562	16,044202333501744
12,04833669341766	9,356826636878408
11,504752799547463	14,992616288661178
6,87083685854903	13,129856103499959
12,378796066895184	10,5974161714128
11,528542524167776	11,65537308910077
12,835975950653134	16,614894731197303
12,32975093711076	8,683710601438557
8,628420525781621	13,565825255003011
10,70798743402396	14,373839193436744
11,776880306196075	14,918574299159353
9,307801040274821	17,20306996249522
11,777911322294148	8,913794296607653
10,982464905730044	17,127551338178122
10,359514946291096	9,89669614859847
9,480586553896087	12,47600436951697
9,895866282645853	10,60918606574558
11,966101933288577	9,378676756699873
4,72725896247843	13,349425790246443
11,368356946476489	15,375406756416748
12,407877695391395	13,772468173360368
10,982288993446272	12,450495955661786
12,4040542546846	10,247023156559997
12,983060432392282	8,212662276213747
12,989116748654077	15,013490355411433
0,4756678626367874	4,329871091798331
6,402569109726111	9,041099763054934
2,0365681652756575	4,554184091651788
3,3670971098897997	4,958259275720521
1,669795986018431	3,9544360126024096
2,0100740477326684	6,5532964456805365
-1,554875214740476	8,540142317866575
2,061301770800982	5,317632410071104
1,2183370615447577	4,520475136219556
-2,4763292609006182	9,655709130244864
3,609077764254156	10,411347668135345
2,684540500259155	2,4492987353428486
2,02965938070941	3,4501510195499607
3,409415137616281	3,4979171795227013
2,2060209057733275	4,380933959687139
1,10760894117776	4,531939171506887
2,6046366754569075	3,547256871129058
0,27232657110496206	9,798816487331388
4,451149180269838	6,049526090673251
4,286539950387965	10,474086037065385
-0,3984063280734307	6,483914861177121
1,428585732057321	4,43315087455257
4,941037364615509	8,956706761035122
0,4244913066631315	6,938299727094332
-1,084857289802176	6,4927454051425935
2,471480511470382	3,2418503153641813
-1,2000120081296304	8,728975421961884
0,9023264627778964	7,328585896035985
3,311261768307933	8,174253787072123
2,7933577003564647	6,9376545502120495
1,1423934495012116	8,690167012758037
4,258572038787115	5,022675394659242
1,7722873637726317	5,25468363007471
1,1583916119375326	7,479392724763464
0,5494921270561779	8,641312452748895
1,1306260416369032	9,657322176860024
1,996011971904135	1,236474417192342
3,7958439588051585	5,174717006079361
2,4831980674562426	5,015622017904709
0,41687286199212203	7,468488902562183
1,9817843335131469	1,0332922932387842
3,131722629642617	5,852048433815712
3,7241131588255274	5,578698558808155
2,2194948662205243	3,4827810924621008
3,49948728368992	8,23976763778019
1,5963358069014992	1,894515541138001
3,6256957510200056	6,703307829584671
2,469779415747607	3,637088391975147
2,648073551956068	5,062943550760581
1,4586657087033013	2,628868802290784
4,404472204666641	6,1961194799679795
-0,07960303338812835	10,569074680446596
4,42392696581279	8,202666235082502
1,0781784210811491	3,810798608785674
1,3608513348444742	2,776701902185117
1,0624358829039475	5,412182688546027
1,0059391657397994	3,0105419636158093
3,4278218828371223	6,109237630548845
3,10107140322061	7,848796234756598
1,6889627823708113	1,6825491599320699
1,020344888552663	2,875056212371743
0,5045089062805899	3,697375365557874
2,091362740356145	5,731611844231956
1,1629184667271455	2,870547238103348
2,170290395054711	1,5767781108150856
-1,4454219624482576	7,060249283906262
1,9745185041955873	3,235242569423177
1,5614739623080032	4,439142226163815
2,4878966026877523	4,7713171340231195
1,88939131368551	1,3070961528462823
1,1430356395128225	5,713210905495394
1,365958696831665	8,66925286282187
1,3999223398956817	5,830566584044661
0,8780690488714036	5,738949595088289
0,3157058138509832	5,338948614152372
6,438027130705916	8,86212342954097
2,6987136356956434	4,043710550267161
2,3474502614466055	3,097819619064511
0,6663896413829282	4,7579768808681075
3,365542567600707	7,155226547161997
1,7442779296307211	9,034905962733047
3,8508779955756753	6,499463385746268
3,8581897359392348	4,641628028585349
2,6092597425237885	9,74354415268694
1,856705231727689	3,67512104882675
1,67448345559756	2,150235614818031
3,435044142560253	3,6720219749457836
5,597149453479877	8,568422116709254
5,068579712397905	8,771785584681986
1,717875990980408	4,269633836579016
2,061300860786857	7,276122576764424
2,356571883293329	5,360285689898794
3,3159484976438174	5,69709988761629
1,4989600801679006	6,490979779670869
1,6615925559696025	3,5220553046812237
-1,2613001719729056	8,800754944569999
1,787589798976044	8,160137267542911
0,9114564496674751	7,079607834026409
2,015041091816725	6,283755064278335
4,1283296737890645	5,54582115807919
7,237521384888509	-0,49094369157788087
5,861577668378544	-0,056755043860322374
8,40208434647489	5,5014953873926515
8,261864266095884	6,275550702779698
6,745417063430437	-0,5553550428789293
8,031187037821805	6,936506194292923
10,104905576452087	1,268203190773117
8,029342945871331	6,933460197263882
4,6375139879811424	-1,466936039336451
7,958628884430696	6,744248424615562
7,383429885622523	2,08433351599541
7,16436342108455	5,415744342832568
7,954958914217394	3,701288034985074
8,220290170577519	2,3431916068242744
11,551197061941526	-0,3321508516343137
7,458066489341951	5,823743337105463
6,473022265502335	3,9122199367627424
7,776980250919139	6,0183276339107055
7,946173926414574	3,7113788019302207
7,82311167686405	4,196891777077604
6,795122085278183	-0,9372713839640099
9,33524100344652	1,1379737442232063
8,454057318332396	2,7297942281754892
9,272462266468834	2,463888940275826
7,988146421158151	6,967819391441365
8,014163312157738	6,251542627707389
7,936432657106872	5,169979286172804
7,988829632024766	6,959766298839523
8,68311039902691	1,3606423583366416
7,591903474144775	5,503074043734616
8,011265944226752	6,977958478246766
9,458193429091175	-2,8217655142158247
8,629799744693766	-0,4212876001868793
7,692954589828112	6,247944811049515
9,060687363082895	-1,5041859064085212
11,181912400518708	-0,8954836880618062
10,105988505501141	0,554084437945014
7,647120435071256	5,184254331641325
8,00772195329804	6,613665764700139
7,0467519292559695	3,6821201363217293
6,170792641072238	2,5976885961161926
6,814593089691101	2,406076418751643
7,870108201346583	6,5120086060577
4,838811664844632	0,5357742126668503
10,217891914241104	-2,2102837701229205
9,531758136820919	3,2192453658232396
7,8178510135076	4,590560689334765
8,130688732980138	5,503693962369267
9,048576126992351	2,6590126348677243
5,999181833480362	2,972668682647126
8,108983041885551	6,809061358006579
6,820127336204166	-2,6402134223162097
7,720790961148832	0,20671591564360714
8,558020918903397	5,388257885989701
11,319065599985226	-1,6763010509810918
9,573311633947663	1,2245640106287299
8,77377874690364	5,37344360431058
4,737562657124328	1,0159427323701529
6,932775651745352	3,627160991457265
7,996838988467121	5,0140842373962276
6,891683969627683	3,436329871383429
10,498615057597313	0,39141274456779573
8,302174371775797	6,3692351268245035
7,976000846704464	6,931791472161036
8,597877513614089	2,6740972024239023
6,853058809946938	-1,06691704915292
7,944602704235748	-2,2936531387472456
9,823550312586352	-1,6376972654569855
8,938083608816742	-1,123842043990516
4,302762424562299	0,2666921766410537
4,178630360160044	-1,7415825656988275
7,197116753393947	1,861804815631717
7,589667230966681	5,820319267270643
6,8052106526434955	3,3589295711297487
10,273547066248621	-1,1989515064600322
10,367900691496946	-0,20862337246252327
7,392943012832777	2,2180829989825215
8,168802325082554	-0,28249569262445284
7,418421248520056	5,9201048246576224
5,903570618253889	-0,26512333334753535
6,78718884367685	0,6879208858977606
6,96912767907804	2,3935214038636348
6,322222202983665	0,2632940510747668
7,467463739256781	5,901438841248116
8,288149889586691	4,077716312849553
3,312171687969543	-1,3988828981240307
8,902269861644172	4,132923559988939
7,0960973273769765	4,650481641657825
7,521051226704142	-0,5754064063093818
12,333415791480927	-1,835465840830107
7,068372653610391	2,358283541383284
9,133367910591096	1,2202297958704742
6,981967185568618	4,8762958713673505
7,333484397974935	5,72621258989099
6,9644057398235235	-2,909996127417976
10,198895816585804	-0,9968579389951566
4,9191669501080355	-1,1203780024908436
8,195373477576274	3,671799042385202
9,285034448122499	3,886845016535891
8,258109202300423	5,920825595342456
5,337979166981091	1,0440540099703899
7,725828238959752	5,685413438928336
8,04811295025308	6,792730060008033
7,539760547347265	5,692949692064257
9,490769142309214	1,528273567671243
9,57044280034872	3,5314814387389166
7,602676082781063	4,415603764881461
8,290960345112428	6,39908690372614
6,313871855747052	3,6313893392382144
7,6342569443249895	5,314941081008056
10,013876948534161	-0,704264047521777
10,481496415220375	2,080981623331958
7,254696277106241	4,637123383508695
7,176195864628047	-1,5009742624879454
4,647894088543207	-0,14534052294996602
9,901352880000026	-1,049006835502043
9,561290054257823	2,117733744256295
6,1029094750123765	1,3568609275378796
4,183048923145078	-1,1221128845972448
9,080227398195161	3,8269313799271596
7,986769799778704	6,650848698887471
4,830787836179616	-1,0796895144101093
5,6720959723280915	1,5070794973895731
7,669359795914161	3,555126004803369
8,167335612823544	1,7357368931878128
8,298572657316413	5,0204963303158845
5,761803528293293	-0,5124011666358763
8,852253032494257	4,2726447935753065
8,2164711160805	0,9279486289763552
8,715599535826946	5,637117314305523
7,455235523547154	3,1246685009843325
9,58979174496285	3,811471497418168
9,075001702750122	1,2453146405493944
9,540143146616028	1,1827276092993486
8,293664883662675	4,4548056296813066
8,189527640571717	2,168666375348476
8,312800354167981	4,341404922852539
6,449687177694597	1,6510340078833359
7,522062388393966	2,296444920337911
9,972412463317175	1,3083760362123327
8,28574737150345	0,5565809272308897
7,973482083960122	5,515696685241146
4,35938282274414	-1,576411099735532
8,570206543780253	-1,6258118629457226
8,350160814496352	5,747660965822385
7,596038475106812	3,7998657846998816
4,644398091584976	-1,3551080622579779
10,73111267267006	-1,7831352666893352
7,338332427172459	4,379137302615919
7,894963226985046	6,4801132250707925
10,511079750815227	-1,9093955662666318
9,457441756046524	3,0552219617012737
8,156656822416279	4,200829607697591
5,933614325829855	1,7344881036933275
8,29555348071975	5,595703017208257
11,247625372739597	-2,128005077967064
6,433694383363731	1,6301845159021697
8,275167025870745	4,868076263385288
5,255244951375274	-2,5256817224286845
7,633687181736106	1,6871293238023286
8,296738317208776	6,03557833092638
8,06011850110232	6,687960096435111
8,374835993269006	4,530037888361457
3,660318215178063	-1,4941730787123468
8,0342607634012	6,859582055042635
9,051402534097345	2,782332169929803
6,375334695839856	3,9940788590230203
6,167642816468986	3,1435376035116427
9,887585506014139	-0,6117371516505345
9,302623785608525	3,6549281415486354
11,94681279007045	-0,18318400353480868
6,578761647515169	-1,0834189585290943
7,7880295905945065	6,595326474564026
7,663987446446226	6,299662505343408
6,797515506473966	3,034176363228414
9,998042181103926	2,900378577049528
8,006571876290534	0,35058158984662935
7,6362900274535	1,7813678165302518
6,836114551269559	3,240743037114208
6,898679094265413	2,606962904116447
11,055502765463638	1,0829031679291639
7,843170196886449	5,133462653311761
9,384772690691571	3,6714353945093547
7,927447022139548	3,2890541982173276
10,165701192994682	-0,750042887809756
8,03406832339751	2,447174366626413
8,410640434147355	2,98703110012519
9,089613157716908	5,090544695137943
8,322272977193663	5,826481795209978
7,862105396135973	-2,0359489081739675
9,0959656282904	5,038920705116508
8,51382238059369	5,787650186251989
7,583064654797207	-2,007976741345363
4,786060064961211	-0,2772997295937216
8,530037215653842	-2,3793503415592987
9,14898376024189	3,0090772695612067
7,022359478361054	4,650239866563804
7,012884559012943	3,5963463104652402
6,6833899522784135	2,632296045992206
5,765762906919379	0,3477716710586103
12,625408363683967	14,689345087996962
11,707377688868574	11,926947110776794
7,0261771991939215	15,029890471349823
6,811876567942516	13,488347144676956
8,941454014236031	10,368245083738573
10,961779645021497	12,225278982891911
12,813972781501167	14,495006826757114
10,385599651412166	16,24998310833611
12,704786868898331	9,434368060299008
12,223355549991595	8,58971495634944
12,22933188267999	15,097495536774925
7,227699980200644	13,010484305060952
12,964602690475857	8,031860341068464
10,167589888760183	10,773458246047134
8,754462220798388	13,143489459308888
9,481054322351804	12,06068119830476
12,775298048664427	8,511404872583606
11,347381460970883	11,704667057610191
12,044668507030305	11,33921024482801
7,965195065305806	11,030103159137106
10,298014024176672	9,731665315969398
11,56208420573844	16,10502208473754
6,884693760393782	14,770693952565786
12,602861689658367	11,316626997086122
7,0313667514707685	12,70754004741416
9,021311427980889	11,702330244982123
12,244078995504015	10,422844816473232
8,960748417492647	16,0386104699505
11,19086200403436	11,721483117638346
11,748064803410385	9,470277648606285
9,8368992817087	9,978103078701116
12,964850275679684	8,20957030222814
10,831046453909538	12,84515832740524
12,363318611927523	11,649621677435265
12,630091698117527	11,874908203586394
12,466302386367389	9,742426500070119
6,5163103002664515	13,27927654425866
10,155255577594637	17,579366249216726
11,132587482419979	9,123153349339866
11,671808186671893	10,297730704147732
11,836092764360831	11,213476954062978
7,653467479625141	12,695131054929487
12,924340040238596	8,281441541885238
9,057111571803768	13,374456409159855
10,676631465879094	11,46119706470107
12,778670354698441	11,569058130979592
12,992798425381705	8,033349763468417
11,38596226232939	13,043266231487795
12,114690559692074	8,773556282796397
12,962068714214874	8,274993647891588
10,084663891210791	11,469813464492866
7,122486768892665	12,309398130034875
9,731982936380032	14,168549657808352
12,655758333896964	10,237282699921018
11,126978259575054	11,661980222186736
12,06572616164906	12,481899069997642
12,997906387013634	8,00386910909354
9,609569484289162	11,485473614320124
6,8591959270053176	15,703762287647121
9,477170635975547	12,258469591142644
11,040228410783063	16,023139933130548
12,31336156550165	8,734180338387581
6,226142047388336	12,85722339485361
9,858185574410694	11,395852862505047
12,937319790380078	9,348500396252192
10,237030612084453	12,856463116948028
11,160954197049357	12,49295083745194
12,800512825075883	8,200146699563048
5,771266861990336	12,425834614413475
12,222142878054216	9,156511971462184
8,301133319842517	12,660508129282215
5,8528267789636175	14,466843401540157
10,904934667442953	15,594370942740127
10,440313248139464	9,581803220919078
10,570141797566231	10,460701541735155
7,58697971776624	16,027583836378348
12,610691243324698	9,918077337657682
6,739978847772702	12,955662628348836
6,39484619874945	12,00962020531346
11,101975912367038	11,464143600755213
12,180911502517699	8,481325432681404
11,806084668569643	12,620894109442123
12,994765409079562	10,613012587754655
10,145146451799043	14,507537486427957
12,940167081909795	8,058162116582935
12,92755991369416	9,428579924503842
12,66656208369905	15,69527373619949
12,592139484301189	12,88535767552079
6,72622653231218	15,518533666283693
12,959328393495134	16,923300181458657
8,92906909079911	15,195721440715094
11,516240955832675	12,83049643860747
11,535919902621998	8,98896009601448
7,9093035270097936	14,93669357909291
10,041355642410213	16,40597964525535
10,580315946369192	15,671882949768897
12,28692512518417	11,105245486613052
10,84114605909016	12,168352845937278
6,14161723441783	14,781548919441942
11,009425310127634	12,473876029274017
11,928881279813911	10,035560251191754
7,275386028166772	12,674905185519854
12,050914919604033	9,44462262948025
11,663539068846962	8,922539998904771
8,683911870030297	10,875523301260609
6,918814063033447	13,03478313579992
10,06347447414022	12,369000220929014
12,118239112978651	9,234952181333833
10,574379195554469	9,586182823217024
6,3026945268484855	11,912565832246203
11,952230550002081	9,829597712341
11,520561840738196	10,21577565688139
12,473694696123326	9,817536770574119
6,713261190116195	13,015186022532797
11,807282250906148	10,979970335792665
10,355940523283195	9,611848446590901
12,279291507743153	12,866152687826109
8,437401713074989	16,356800403990352
10,306669809865731	13,833927759950956
10,55828330263896	14,032055179902866
12,046367836548619	10,199337291737233
10,695923446825525	13,148502723026322
11,617985867374871	13,162647809441573
12,90410287924007	9,280294173222835
10,700137103562406	10,85518741868099
10,568188689934189	9,429265233473718
12,564912673102954	9,057542327615685
12,490224984475525	8,382122845791931
10,869488314459614	10,486047236027865
5,485850145257839	13,821154441537889
11,619931062614722	10,181415544435682
8,535684563101768	15,499748038647837
12,501078233804416	9,14158551193435
8,039569154231899	16,595422483147708
10,310515410797622	10,35560718434409
12,58584866216398	8,574700372555688
12,474972081722258	17,10623452460085
12,587839201550976	9,809739317839751
9,182446220200536	15,22558538585767
10,356469756746971	15,827703049183437
10,750063838914445	10,118088150147674
8,324102312874604	16,474727431779016
12,910679351270273	8,386931522997532
12,54099436076186	9,872244327308294
11,366767424625523	10,592236283593717
10,077103111950532	16,28528726131693
9,823601255872568	12,852415264957571
8,89271186915898	15,428081968308845
11,613825637338834	10,201182269948712
12,917553235038127	8,193548411942357
12,966436012484685	8,040989607164851
12,159706668634447	13,006778124975295
12,494869333427125	14,617150515898034
10,254296089084654	11,076661546009126
6,317378665233422	12,457591836073352
6,849646983475223	11,912654415789985
11,971024038512999	9,332961994126237
11,31035840507155	13,72499331418177
9,317566494343719	14,590026340621307
7,786477247659956	15,059697706898284
10,15803266205539	15,454844653418391
12,513431135836576	11,482741613503705
10,231410377752042	15,894372129925433
10,597499058601738	10,44295628275268
11,381650821593961	10,489715760399111
12,69823317657961	13,659737920894464
12,454237232619231	10,405091278276313
12,921133730101568	9,124303002810272
12,305780027615661	9,20416539038726
11,682264480596931	15,061809016749141
10,435746068531762	15,60073336699687
9,156574065203069	11,02889340842378
10,10794539735717	16,032988956983335
11,852825217868245	11,347491234023629
11,734936715324553	10,45616277643046
12,33945453922858	8,43048211381733
11,267848215446655	9,029545613702595
11,880607174448954	10,037794105133006
8,4452522364689	16,198943657558992
12,312893598326875	10,170074381116258
11,645989471786894	14,232014798685983
12,992371923126921	8,980519269940817
12,482827947980962	8,441865362858527
12,371693871280797	9,38458753905254
11,234207828190076	12,038645387164062
12,1987536115676	11,23584763705343
7,944477298460159	12,717381323505148
7,635866044899585	12,195652009216689
10,323184774888833	16,9389956502973
10,982658194243603	12,33060694271704
10,212775918794547	12,937039778464115
11,137840099015055	12,54778084121661
12,7743303276136	9,747682173093672
12,716403370633158	9,944274903546159
9,375440260932367	10,389857126783603
12,90627074637187	11,486583841712573
12,030449535548454	9,85303861417616
10,947657066438904	11,870651706426353
12,811759786597454	9,153566572636196
12,985726985698562	8,38560911721076
