145 84
512 10
5 9
520 1
13 9
526 5
533 18
536 5
537 17
554 12
48 2
52 3
565 10
567 20
59 7
573 1
65 5
68 16
582 16
74 6
77 3
82 5
604 15
93 3
608 11
98 16
611 14
618 8
620 20
108 6
624 9
630 18
631 1
632 15
121 15
122 15
635 15
641 20
136 16
649 17
648 10
140 15
144 9
145 3
659 15
665 4
671 3
684 4
686 20
176 13
178 1
180 18
181 7
694 11
187 11
188 3
193 9
706 17
714 13
718 14
724 5
214 18
215 4
217 8
222 16
737 11
227 18
228 17
740 17
243 14
755 10
249 5
761 8
768 1
769 14
771 9
775 7
266 14
782 5
274 13
793 11
795 18
797 15
293 17
294 19
295 10
808 9
306 17
819 4
821 8
823 11
824 1
314 12
828 13
321 12
838 8
330 15
336 2
344 13
353 11
866 18
355 20
868 2
870 16
361 5
875 10
876 1
365 4
368 15
888 16
381 4
897 9
899 4
900 15
902 4
392 12
908 4
401 13
914 6
404 4
921 4
415 16
417 10
933 10
934 17
425 14
941 19
430 13
442 10
955 2
961 17
969 2
457 19
971 4
463 3
976 5
464 18
466 12
979 12
981 6
475 19
992 19
481 19
480 20
483 8
503 15