400 200
5026
5027
5028
5030
5030
5031
5032
5033
5034
5034
5035
5036
5036
5037
5037
5037
5037
5038
5038
5039
5039
5039
5039
5040
5041
5041
5042
5043
5044
5046
5046
5046
5046
5046
5046
5048
5052
5052
5053
5053
5053
5054
5054
5055
5055
5056
5056
5056
5057
5058
5058
5059
5059
5060
5060
5060
5060
5060
5062
5062
5062
5062
5062
5062
5062
5062
5063
5063
5063
5063
5064
5064
5064
5064
5065
5065
5065
5065
5065
5066
5066
5066
5066
5067
5067
5067
5069
5069
5069
5069
5070
5070
5070
5071
5072
5072
5072
5073
5073
5074
5074
5074
5074
5074
5075
5075
5075
5076
5076
5076
5076
5077
5077
5077
5077
5078
5079
5079
5080
5081
5082
5082
5083
5083
5084
5085
5086
5086
5087
5087
5088
5088
5088
5089
5089
5090
5090
5090
5090
5090
5090
5091
5091
5092
5092
5092
5092
5092
5093
5093
5093
5094
5094
5094
5094
5095
5096
5096
5097
5097
5098
5098
5098
5098
5099
5099
5099
5100
5100
5100
5101
5101
5101
5101
5101
5101
5102
5102
5102
5102
5103
5103
5103
5103
5103
5104
5104
5104
5105
5105
5106
5106
5106
5106
5107
5108
5108
5109
5109
5109
5109
5110
5111
5111
5111
5113
5113
5114
5114
5115
5115
5116
5117
5117
5117
5118
5118
5119
5119
5119
5119
5120
5121
5121
5122
5123
5123
5123
5124
5125
5125
5126
5126
5126
5127
5128
5128
5129
5130
5131
5131
5132
5132
5133
5133
5134
5134
5134
5135
5135
5135
5135
5136
5136
5136
5137
5138
5138
5138
5139
5140
5140
5141
5142
5142
5142
5142
5143
5143
5143
5143
5143
5143
5145
5145
5146
5146
5146
5147
5147
5148
5148
5149
5150
5150
5150
5152
5152
5152
5153
5153
5154
5154
5154
5155
5156
5156
5156
5157
5158
5160
5161
5162
5162
5163
5163
5164
5164
5165
5165
5165
5165
5165
5165
5167
5168
5168
5169
5170
5170
5170
5170
5170
5171
5172
5172
5172
5174
5174
5174
5175
5175
5175
5175
5177
5178
5178
5179
5179
5179
5179
5179
5181
5181
5182
5182
5182
5183
5184
5185
5185
5186
5186
5187
5187
5187
5187
5187
5188
5188
5188
5189
5189
5189
5189
5190
5190
5191
5191
5191
5192
5193
5193
5193
5194
5194
5194
5194
5195
5196
5196
5198
5199
5199
5200
5200
5201
5203
5203
5203
5204
5206
5206
5208
5208
5210
5210
5212
5213
5214