Задача №2 (вариант 38)
==================================================

38)
38) Дан фрагмент таблицы истинности выражения F.
|x1|x2|x3|x4|x5|x6|x7|F |
|0 |1 |0 |1 |1 |1 |1 |1 |
|0 |1 |0 |1 |1 |1 |
|0 |1 |0 |1 |1 |0 |  |0 |
|0 |1 |0 |1 |1 |1 |0 |0 |
|0 |1 |0 |1 |1 |1 |0 |
|1 |0 |0 |0 |0 |1 |0 |
|1 |1 |0 |0 |0 |1 |0 |  |
|1 |1 |0 |1 |1 |1 |1 |1 |
|1 |1 |0 |1 |1 |1 |1 |0 |
|1 |1 |0 |1 |1 |1 |1 |1 |
|0 |1 |0 |1 |1 |1 |0 |0 |
|0 |1 |0 |1 |1 |1 |0 |0 |
|0 |1 |0 |1 |1 |1 |0 |1 |
|0 |1 |0 |1 |1 |1 |0 |1 |
|0 |1 |0 |1 |1 |1 |0 |
|1 |1 |0 |0 |0 |1 |0 |
|1 |1 |0 |0 |0 |0 |0 |  |
|  |  |  |1 |  |0 |  |1 |
|  |  |  |1 |  |0 |  |
|0 |0 |1 |0 |0 |0 |0 |
|0 |0 |1 |1 |0 |0 |1 |
|0 |0 |1 |1 |0 |0 |0 |  |
|0 |0 |1 |1 |0 |0 |1 |0 |
|0 |0 |1 |1 |0 |0 |1 |
|0 |0 |1 |1 |0 |0 |1 |
|0 |0 |0 |1 |0 |0 |0 |  |
|0 |0 |1 |1 |0 |0 |1 |0 |
|0 |0 |1 |1 |0 |0 |1 |
|1 |0 |  |  |  |  |1 |
|0 |1 |  |  |  |  |1 |  |
|  |  |  |0 |  |1 |  |1 |
|      |      |      |0     |
|0     |0     |0     |1     |
|0     |0     |1     |1     |
|0     |1     |0     |0     |
|0     |1     |1     |1     |
|1     |0     |0     |1     |
|1     |0     |1     |1     |
|1     |1     |0     |0     |
|1     |1     |1     |0     |


    В ответе напишите  буквы  a,  b,  c  в  том  порядке,  в  котором  идут
    соответствующие им столбцы.
