4,914995998497613	1,0545620596436636
4,8928816712336545	1,0038845265888945
4,877453360128236	0,9692216180794446
4,170870715643746	8,21104491078323
4,3580692121159625	7,9576357535161915
4,003003897105452	-0,4124758336051926
3,8673784658668033	8,559719114013525
3,6029867413254624	8,811953192999557
3,7703792717135935	-0,6573335638696207
3,287872175531658	9,06033854281701
2,9789641036928085	9,255980437556467
2,955171050045931	9,269246096949397
2,9658774666508645	-1,2633075632657533
2,502912809333747	9,4761603148327
2,292762045145248	9,544642159738917
2,3335316609221874	9,53267113973717
2,178706392132667	-1,5748287208269023
2,0751600518619977	-1,5980694734420906
1,6391962038588912	-1,65342806035971
1,49682417227006	9,656852466543251
1,353609584842694	9,653064628385222
1,1125559845319868	-1,6302552579573195
1,1014005504318345	9,628697625348861
0,7128097145453668	9,546229611995134
0,5294647014668652	-1,487815819486146
0,3972185720763697	-1,4376232164847025
0,3201158594807292	9,405159278865167
0,009640715534002586	9,249538875597741
-0,2477217850041591	9,088313780069361
-0,6300433071351144	-0,7880926285377781
-0,2737081717089147	9,070297687831163
-1,0392135728236935	-0,370902522726384
-0,881385987951826	-0,5451074302785646
-0,9369484571138202	8,485818145527206
-0,9508287503645447	8,47066850401292
-1,4853740382002112	0,23501876444512293
-1,463911692229812	7,798743866244054
-1,9394256194240302	1,1119725041303274
-1,9296692472479275	1,088859723585332
-1,8350885179256142	7,123198545594157
-1,921578648859927	6,9301192977985995
-1,801445038557795	7,1938881186986245
-1,7029037259711588	0,6113696801922854
-1,66997003396774	7,450011589472292
-1,3874653882434038	7,914726971755851
-0,9695504905450898	8,450015814499654
-0,8858060830043342	8,540468992141564
-0,8307302954416196	8,5973245023406
-0,6395342616704016	8,779621981525
-0,6866647038209752	-0,736770518626277
-0,36813099449039566	9,002016910691992
-0,03844649559533275	9,221720478959103
-0,14863471078514534	9,154028247961856
0,19974234825508463	9,349641116762655
0,5376684540400841	9,490704507738583
0,6890125919770498	-1,5393680910421939
0,7936284744289488	-1,5679510177196114
0,9984927156538935	-1,6122171097967684
1,301648790114109	9,649895007438069
1,2529866021525942	-1,6460578072286651
1,6070410688808612	-1,6548284164195195
1,6911163925787775	9,650393707430958
1,9414132155905917	9,622304576079452
1,8726946083764513	9,632246217786847
2,358114866872297	9,525149568157
2,458889682222997	-1,4919086986814118
2,6818478991824266	9,404301165404846
2,918981444874586	-1,2889491695613096
2,94013005018882	-1,2775042280500628
3,284551533376804	-1,062682258392778
3,678640667692139	-0,7441595338011036
3,6062710004703424	8,809079428035613
3,9894420880095236	-0,4277936018849804
4,039424129851874	8,370657865522318
4,309089583450582	-0,02716170823805708
4,071266959177128	8,333263487175458
4,288923761775676	8,05509660822107
4,613550045615491	0,44871681966988897
4,562310992115162	7,639299764397171
4,95458045356572	6,851621955954775
4,725966808273991	7,344589108370268
4,584263650750946	0,3979678700332383
4,577641599887288	0,3866574525397639
4,24660654735528	-0,11245728829494528
3,898792747183566	8,526763381503283
3,82465649968372	8,603470898893189
3,529590695371313	8,874579286310192
3,4136379925049907	8,967492251356106
3,411130086518164	8,969422862346306
3,4307158387601753	-0,9542580372767411
2,992651784898496	-1,248236017756696
2,619533732346395	9,430772361669849
2,67813680243252	9,405921507893742
2,58565769336104	9,44451051479304
2,2444638332936404	9,558016480889156
2,002427314221774	-1,6120525289636936
1,76448623733563	-1,644474648762281
1,6262985993267904	-1,6540337218322447
1,5633137677803073	-1,6561455721735916
1,3801323389060545	-1,654313706158134
0,9502240864088106	-1,6031681118515397
0,9367103267757015	9,600482969180224
0,8697079984720499	-1,5861851012672128
0,4554285849111557	-1,4605623444438924
0,168942323708674	-1,3344700697231273
0,2700507782152075	9,382792010068936
0,07932667637125435	-1,2880407160931835
-0,26955332481338345	-1,073200376614726
-0,1271667262580236	9,167654873336405
-0,5438738409084425	-0,8626288615213422
-0,5732275485800247	8,837711759046599
-0,8675700960769794	-0,5595201151353733
-0,9280119647736855	8,49549950481942
-1,3634260656872494	0,050116162127589625
-1,3346729591725457	7,991147507806737
-1,7696756037053887	0,7414047669175594
-1,5651592158342793	7,634501061104862
-1,8962783476542469	1,0115912644837426
-1,8426636310190032	7,106959880610901
-1,6481471992887373	7,489747615977545
-1,9368194828899479	1,1057740786082126
-1,2467683031102101	8,112241211074334
-1,3182490621088623	8,014342343129822
-1,1528674317033607	-0,2337440616569193
-1,0580281225767307	8,348906097884058
-0,7680002298151809	8,659651265397077
-0,9051535224420597	-0,5200080826220992
-0,5754624476351147	-0,8357947906122858
-0,31239104219568503	9,042864009701002
-0,3095317340455275	-1,0449172249863894
-0,04629255111307917	9,217083351140214
0,22309410456914036	9,360878908204123
0,22263711997389035	-1,3606611668210116
0,7068892529983748	9,544542423499081
0,7656785397675433	9,560714341348973
0,8309185369167781	9,577155188043168
1,1132072272059617	-1,6303448119834183
1,1653696511263112	-1,637024486307058
1,4854890629123085	9,656817025979333
1,8403997120483881	-1,6363335664308183
1,936240071015297	9,623112056582293
2,191130144888832	-1,5717751431345368
2,386381441518038	-1,5162175338056425
2,247764741944679	9,557130174956207
2,7469484465986627	-1,3749641062104185
2,85511169491261	-1,322343899883034
3,216083185717367	-1,1098059649458571
3,4493545130603596	-0,9396390520788476
3,4247442516044373	-0,9589030169818153
3,508441572275603	-0,8920675487476872
3,834619855786182	8,593375693097379
3,973838815201589	-0,4452494905015172
3,911381360170989	8,513366800032966
3,9158211644512333	8,508615774578598
4,283799789147128	8,062132133238507
4,43404021341716	7,844842786396081
4,977492317962154	1,2046298354192153
4,910325824695505	6,956240101688266
3,207817482	1,736865674
3,347986128	2,904052809
2,434311406	0,844613344
0,304766688	7,150601947
-0,84481902	6,552194061
-0,348048796	7,023281178
0,259040581	6,861760159
-0,1437123	6,906390845
3,007669524	1,028045136
3,214570828	0,989366897
-0,237030357	6,395586829
3,376255159	1,737222092
-0,056315234	6,510033198
2,347768722	0,647403107
3,10674286	1,101616999
4,013776041	2,9526569
2,484590962	0,837876021
3,362656514	1,143472545
-0,947013277	6,177299849
2,224740125	1,004701198
0,304756597	6,842030828
-0,486793203	4,941026226
-0,228033658	6,282896267
2,577748965	1,373384127
3,373713368	0,699091573
-0,583555936	4,238962354
3,252093848	1,800962723
-0,541853076	4,814141475
-0,317116821	5,983701496
3,147177212	1,048342234
-0,102116746	7,256604628
-0,731361865	5,450356523
0,056208365	7,03317921
-0,151243018	6,689156458
3,006350485	1,018774641
2,290225277	0,85581829
3,29583179	1,366045754
0,291986425	7,377585828
2,876115951	0,910184246
3,202941867	3,395446118
2,934768105	0,948092415
-0,115510782	4,78516453
-0,006768562	6,986306284
3,81664093	1,363533726
-0,707011717	5,568105834
3,43470122	2,737821327
-0,169762933	6,830572885
2,767384787	0,79810762
3,548089696	2,425409972
3,151887736	1,222315796
0,027691643	6,96795225
-0,238522339	7,303914342
1,238542643	-0,189895145
2,877271493	1,687393919
2,922745899	0,923703556
2,633940722	1,136200701
1,952103289	0,091847569
-0,586712667	6,391785852
-0,741984107	5,340678499
0,298926404	7,448722485
0,152393225	7,230153465
3,198078454	1,358335073
0,939900996	0,232351378
3,191746451	1,915277405
1,063054719	7,041850549
-0,039476831	6,931484646
2,504690781	4,828866665
0,080287704	6,902586751
2,941577016	1,395985098
1,608527739	7,667394629
4,031283082	1,956437222
2,416261065	1,083540039
-0,007235232	6,993673961
3,011182261	1,010316175
0,115947102	7,624095209
2,809175246	0,982305725
1,149040355	7,785918388
1,983722119	0,684163691
0,020820221	7,016454405
-0,425863316	6,485039717
2,937700136	0,405569227
4,027687043	1,53492601
0,295245421	5,616403324
3,129159486	6,653444259
2,513637641	0,817861505
1,918132596	7,955473849
-0,018129446	6,988697838
-0,439711406	6,431447611
-0,128312266	6,747081109
3,050760094	1,020849995
2,088468198	0,32196825
1,367033526	0,022911623
2,870106138	7,570686516
3,053105381	1,1956642
3,367678366	3,147219604
-0,659089148	4,155871972
3,549356878	2,813252612
0,906639887	7,599342154
-0,788408583	6,201874852
-0,007463995	6,90461889
3,308473805	1,64115685
1,085546932	6,569698434
-0,871039356	6,752452047
3,17003677	1,051403778
2,574195161	0,942905541
2,64341611	1,194538292
-0,224691843	5,990504623
0,270288609	6,826998111
0,700121277	7,9202309
2,82364185	0,815265658
0,59825721	1,169347292
2,656877407	0,973456169
0,116083654	6,89945441
-0,307453956	5,253198136
0,989963441	0,469425722
-0,134466787	6,597126337
1,870882313	0,479218377
3,226546522	1,481373103
0,210533894	7,141508223
1,942874703	7,549531337
0,374763558	7,47238616
0,117246901	0,539209182
-1,146631025	5,16391131
0,334934578	7,038918449
-0,856842442	6,393661634
-0,410866341	6,33522306
-0,18324276	3,830949615
2,054237215	0,301580646
2,862958289	1,238690682
0,244279553	7,196121802
-0,520186233	5,061677925
-0,498306822	6,714850203
1,325516835	7,14006745
-0,112790209	6,956475378
2,991407757	1,019921323
-1,021052832	5,550075055
3,166047456	2,806931071
2,117417965	0,519784512
2,159323138	0,10975479
3,793383729	1,20342009
3,00735156	1,008600288
1,388595047	7,388106947
0,382535319	7,839597837
1,862098864	0,882457548
2,854016633	0,857006605
2,945678627	3,828174526
2,75043848	0,547844983
-0,490867648	7,037979521
-0,00226065	6,985942933
-0,199612184	6,763844545
-0,590953035	6,655547889
1,456395312	0,068451308
2,823783067	0,971463945
2,690835138	6,527774049
0,259149254	0,843553092
-0,009001464	7,452403628
-0,203399792	8,115812289
3,201973528	3,137520044
-0,02461817	6,968660577
-0,032257405	6,963794365
0,795109412	7,227533085
0,304046032	6,703218736
-0,341816221	7,611274542
1,220779354	8,096924929
1,536917541	0,428542751
0,300798516	7,147928314
-0,409145532	6,017276829
2,992999389	0,262659495
2,792943292	4,563450998
1,365889238	7,494197712
2,308123661	7,000674691
-0,005572314	6,047586807
2,445650891	1,108433356
1,532863492	0,945519418
3,47595144	2,070876929
-0,75883278	4,219751738
3,294712218	1,698066058
3,967573805	2,642499922
-0,181030144	6,803828759
-0,78018031	5,145047053
2,999665096	7,287291058
2,912816053	1,060855039
2,396018929	0,681769955
2,673442089	0,546575799
-0,050812272	6,940269483
3,487536203	1,885393265
-0,605173695	4,749381817
0,833817544	7,631451875
-0,62641186	6,396068835
1,796257459	0,693435311
2,934270671	0,906102766
4,114050103	1,352469074
1,819206573	-0,433240113
2,988849598	1,018127469
2,452439772	0,378260324
3,284680784	1,41333367
0,497264464	7,159888177
3,077014711	1,141856371
3,947301324	2,43632097
-0,220652781	6,832457963
3,516021302	1,873450006
-0,080517249	1,349193621
0,183110642	7,265968364
1,694463124	0,31906262
0,800051689	0,377206171
0,223628591	6,130116578
-0,080588398	7,017201056
2,851825261	0,96790201
1,32240893	6,993738726
-1,016290847	6,595310902
2,648563987	0,776594498
2,773421386	0,582691049
-0,664903609	1,817878122
2,950416794	0,932681286
3,583264489	2,316446741
3,729602028	2,456854147
-0,224277905	6,943619342
0,038659872	7,019516329
0,494168863	1,022123102
3,080364493	1,398239202
1,411011916	6,707533943
2,587483367	0,161832199
1,653718224	7,850180489
0,318933159	6,935437277
-1,017107941	5,015264393
0,866458096	6,718367711
0,59350776	7,054419512
-0,51397356	7,270040879
3,726665965	2,136409478
4,280664263	1,934214311
1,07335995	8,531190418
2,477128779	0,861562057
0,280204291	7,159401097
0,906592143	-0,0926875
-0,36208302	6,602442798
-0,007811792	7,057029139
3,164507845	3,869293313
3,015375168	1,007341824
1,243679246	0,696358259
1,357152871	0,744099341
0,038596691	7,035263004
-1,127093416	7,430124524
3,537145459	3,262204595
3,016656765	1,008761337
3,322008078	1,821538235
3,670533245	1,389143512
3,029999438	0,793483993
0,4274592	7,266515385
1,968009987	0,226180319
2,887982942	0,555250591
-0,906626595	5,995225314
0,01198462	3,961668686
2,654570065	1,829780373
-0,198593562	6,682162322
0,841038495	7,085354696
3,226074103	1,333176948
-0,147255238	6,170345952
0,802921951	0,124680391
0,11067388	6,583233468
2,442147943	0,833452901
1,84566542	-0,028107462
3,002079745	1,00433312
3,695920777	2,029687931
0,824998843	7,493830319
1,925592346	7,735030127
-1,09593072	7,300983382
1,633942605	0,746367294
3,11903278	1,658488471
-0,560115435	6,662520033
2,750653732	-0,143429955
1,365570017	0,638675874
2,536479439	6,551429709
2,760914433	1,022447375
0,179087169	7,468890848
0,963388081	0,400804861
2,998984859	0,980862019
2,50130799	0,766057127
2,238727405	0,86276289
0,159985528	7,28857779
2,793605956	2,857043933
3,244191136	1,641084204
-0,344935728	6,815637004
-0,086459495	7,092076872
1,347361583	6,998033951
0,704048373	6,796040916
2,97947752	0,973538294
0,879966434	7,261617882
0,841561933	0,716641315
-0,133246933	6,877134342
2,104059054	0,64736905
-0,528689681	6,394407893
1,743021508	-0,231296624
2,567853306	0,967682952
3,034652635	2,281468998
-0,25216205	6,754387333
3,654268913	2,717783338
2,140232158	0,440901571
-0,768373038	5,55247682
2,885192456	0,643922455
-0,031849178	6,961317847
0,021091824	5,790282583
2,981796892	0,995516058
2,444290266	0,566512307
2,212786999	0,379944081
-0,074852323	6,802985578
2,413852115	0,200459117
2,337402046	0,391043761
3,106788996	2,379914306
0,018589963	7,406598659
-0,187351739	6,961013912
3,333683044	2,132730937
0,097162673	5,709018265
-0,451317767	7,148673711
1,297120131	7,629383491
-0,12922033	6,618287464
3,097769451	0,97398611
0,77899906	7,496392363
-0,44027241	6,321881539
2,945845299	0,956221158
0,196019654	6,799010143
2,931905393	1,802385569
3,684019748	1,121706122
1,556784786	0,261726946
-0,044348216	6,972955746
-0,042556203	0,824773073
2,195852579	4,565008854
3,068106177	1,25835052
-0,324600089	6,218188992
2,920242497	0,391385904
3,181446429	1,200436831
3,13310251	0,989116603
2,744900807	0,834966767
0,001282759	7,235062153
2,067337685	7,626786432
0,412796678	0,641878143
0,045756282	7,098799615
3,303119237	2,291388284
-1,453582854	6,391960723
2,496907774	0,300096141
1,539977403	-0,100640226
1,279512919	0,058065265
3,19604054	1,209079239
-0,040256909	6,004565814
0,103684383	7,097625026
2,81166564	2,363028047
1,07443433	0,260845718
0,983501721	8,128116265
2,959557193	0,92913578
3,171514776	2,865000967
1,743203939	0,121530837
3,077304231	1,117183094
-1,14625708	6,499390612
2,714218915	0,896756374
-0,824421154	6,918661832
0,213064647	0,618070289
2,981374679	0,933724701
1,684591312	7,136975597
1,111766063	7,307929783
1,255189923	7,115038406
-0,389845307	6,494096162
3,609375169	1,013587412
1,341427304	7,636790521
2,822841008	0,889621793
3,508130085	3,611042084
1,638277961	7,540375029
1,205106038	7,432293435
1,704374789	0,32354118
-0,546754925	5,941768704
-0,039339827	5,87458561
2,229310162	7,945415104
-0,327088772	5,652173682
3,504433452	1,583193233
0,113026227	7,026693395
0,294531409	4,690554609
3,168255022	1,115097139
-0,669479299	5,4797407
2,171440686	0,37580997
3,675685986	1,540088647
1,742458146	0,231811792
2,643334904	2,018106548
-0,060210935	6,54451894
-0,342101222	4,407287582
0,122648771	6,827251234
0,101785706	7,70468789
3,924175647	2,446151986
-1,21575426	6,671627143
-0,082342275	6,747274821
2,904404862	0,414545323
3,050807416	1,031386282
3,429892533	3,235501592
3,752207778	2,427676957
-0,022322489	7,748789283
3,307314821	1,285058681
0,003742648	7,902804624
0,893413219	8,261097598
2,696036384	4,607702825
2,122987814	8,108692188
0,225633844	7,471519267
3,182193721	1,358520223
1,761058663	0,832136279
0,359470939	7,973019163
0,184012934	6,166539745
-0,26309538	6,502079539
4,054417134	1,988539119
3,41153275	0,80962004
0,524597549	7,137282947
0,822781596	7,141799885
3,322946539	1,248497519
3,649699516	1,367844769
3,061523586	1,009789165
2,053864776	0,885473058
-0,175463998	3,447513019
-0,808946782	5,127669353
3,220763065	3,724865077
-0,551556554	6,368180676
0,604635653	7,327176149
-0,967527006	6,097086694
-0,222335324	6,78558449
-0,262820286	7,171422018
3,3164771	2,795832061
0,424975339	7,358638485
3,576305607	1,864145361
3,481775565	2,186513557
3,41578038	1,572497088
1,563744736	7,408988854
0,300967417	7,730418768
1,496948612	7,339655373
0,384620732	7,239505224
0,340514511	7,617390613
2,930661587	0,934648007
-0,571425115	6,520735093
2,678284852	1,340850701
3,900372926	1,396924223
3,249314015	1,194733697
3,108534177	1,480554809
3,097711071	6,827110399
-0,79624795	6,389198267
3,037688823	1,026107633
-0,516850059	5,61210913
1,987985109	7,336786049
2,100585456	0,150551867
2,461853656	7,928205632
1,595602107	6,982639372
-0,231295113	3,667004884
1,4992388	0,659356877
-0,34943834	6,74779934
1,196834305	7,298352089
0,527609613	7,863457952
0,475794101	7,107519751
2,589212236	0,882536137
3,320398823	1,034659308
-0,96158093	6,32263702
-0,166875967	7,106338723
3,579940349	1,691564876
-0,355713243	6,77532517
1,60138091	1,028661035
3,280171053	2,841440781
2,873561172	6,854486807
0,808738462	8,531331945
-0,640658792	5,050877599
0,763220929	7,582022158
-0,020153671	7,165915124
2,781933202	1,179765007
-0,029647304	4,738553153
0,554754251	7,197863469
2,324772823	0,686678677
4,01885951	2,287070007
3,523992626	3,447247622
-0,103907913	6,734982468
1,749883109	0,563053478
-0,929239458	5,580662194
2,85358967	1,048345533
3,033965647	4,230467657
2,15437736	7,60166794
1,335262318	0,393079933
1,157272679	7,723268769
3,042566746	1,088414741
2,568139898	0,433339003
-0,410335963	4,331128686
0,112435619	7,013987224
3,645147294	2,244622733
-0,040141963	4,679586224
1,348267613	0,316300101
-0,20746435	6,507741024
3,439588079	1,287746681
2,853202235	1,521257751
0,106633128	7,080574849
0,671751374	7,274970673
-0,418857729	4,131339241
-0,441365937	5,914828678
-0,137705506	4,417202933
1,144008611	0,25859689
0,185501864	7,742055823
0,424512942	7,369137597
1,273127364	0,369075706
1,23711045	0,375845539
2,412969562	0,631305625
2,661299911	0,942480685
1,081453903	-0,243788623
-0,527063752	0,987422593
2,903826951	0,898608594
0,11412723	7,359577556
1,864899179	7,12400949
2,925185151	1,011172512
-0,880037629	5,308491412
0,344642512	7,783036832
-0,763108007	6,609755473
0,811852141	6,239352673
2,871954863	1,263135671
0,005552661	7,000549648
2,069180758	0,735813062
3,105218858	3,014889614
4,101084618	3,226238177
0,204615162	7,479226201
3,673468755	2,329795161
-0,237549001	6,264098781
0,133244995	6,904216732
3,063340596	0,982316144
2,927268425	0,659632367
3,148603836	1,055642563
3,946396697	1,558803071
0,924154696	7,773281606
0,586029303	6,516310126
0,833833607	0,474550743
-0,973569527	6,000637446
3,566395676	2,158981913
-0,485872511	6,400307099
-0,394153908	5,353767898
2,767875233	0,822438701
3,36654548	1,760147475
2,693149227	1,260724515
2,788220035	7,9651833
-1,263212593	6,569280502
0,278263363	6,504315876
0,235293372	6,202467997
0,13782457	8,148424542
0,238720684	6,471361855
3,042146068	2,051043082
2,970236406	7,605569233
3,596462838	3,229787669
1,321866577	8,600911771
-0,257163403	6,853950769
-0,072162532	7,037145657
3,556126386	2,582513316
2,228366645	0,546308259
3,887962515	3,536573046
3,178955831	0,84031649
1,099687372	7,619432139
3,62456469	1,902261276
4,190325096	2,383855482
0,262339983	5,935201622
3,006209261	1,015917342
-0,028124142	7,190216242
2,320390952	0,177871045
2,049133347	0,463868197
2,976136949	1,031470088
0,216854482	6,081776765
3,058420082	1,475925388
-0,716969492	6,680775991
3,345897473	2,607444609
1,265708485	0,153112264
0,041639951	7,041373029
3,57537202	2,368889957
-0,494097227	6,478346573
2,87433057	0,767528988
1,257411047	7,802475153
0,002270577	7,105841946
3,475419438	1,061380862
2,988762315	1,012424479
0,732605078	0,817878707
-0,377581165	6,883819409
4,128900735	1,256191832
0,784865945	6,766667123
3,15579492	6,842400874
3,240958459	2,861661934
0,926684365	6,815438236
-1,060135919	5,660585183
0,827765703	6,767266997
3,048500289	1,005177115
-0,482626818	5,540202801
-0,206741619	6,163943606
0,281194113	7,291582798
3,137502494	2,375852346
3,02142903	1,031747388
3,033199405	1,575331045
1,648080959	0,499303869
0,141769412	6,710323869
-0,366150567	6,686851443
-0,68978636	1,311822183
2,833204338	1,086462515
2,818905644	3,019699729
-1,433789089	5,876435244
0,310616246	0,671190182
-0,27614196	7,096715473
0,31864294	3,901878347
-0,199641352	7,210139982
3,175684318	1,320752506
0,864765244	7,677538663
0,982741992	7,80714347
1,402150602	0,580685787
0,024600694	7,019799823
3,132043528	1,049322861
0,728454642	7,638396934
2,199071397	0,726092405
2,651696946	1,181796138
1,903356355	8,431846088
0,398995169	7,454859442
0,094392663	7,269953666
1,743665689	0,361006029
3,147820055	3,659303706
3,551015075	1,181310442
3,010678219	1,476676834
0,274787801	6,739246759
3,668514684	2,714314827
3,430398616	1,427452925
2,332323691	7,532697254
3,042067328	1,177093702
3,179234281	0,841682654
0,65329738	7,303018239
2,335951617	0,916417121
-0,47910471	6,690026386
3,9260187	2,307788763
1,643535526	7,884107698
3,319354439	1,049048986
2,198129107	0,447421289
3,234046342	1,121194939
1,231988993	0,503099094
3,008897238	1,017493153
0,173129886	6,19122922
2,157868156	-0,092080046
3,440376183	1,473875858
1,334981252	1,191709588
0,504877571	1,11275222
-0,751317631	6,403781337
-0,535935884	6,714811075
0,801920858	0,341055623
-0,713177539	5,117411157
-0,438707336	6,291821202
3,053101547	1,028148274
2,745945224	0,423944564
0,79013455	7,800508096
1,079561869	0,729376473
4,332377266	2,544249103
3,056551608	2,783828842
2,924623617	1,141440605
2,558413176	6,85219744
3,007207063	1,000084786
3,636897213	2,065545023
3,285916214	1,131584115
0,003807095	7,002863883
0,585915043	0,422979588
-0,097342699	6,015526816
2,976028833	1,215393762
3,057146616	1,050394468
-0,122824868	6,862730298
-0,314840906	6,389691362
-1,205882306	5,352699254
0,024377512	6,155161356
-0,391564566	6,638210661
2,49594606	0,684742114
2,917191813	0,89538208
-0,371216978	4,33834047
-0,547900375	5,782773147
-0,37630909	1,068044803
3,450706555	0,995613658
3,153749054	1,630061876
-0,058878637	4,788996632
2,955259502	2,559732885
-0,224238728	7,423945147
3,033437534	1,955701014
2,485200037	0,274070216
2,36665612	0,834498913
0,954249677	0,58895778
3,320708766	2,151058783
0,032294945	7,047507274
-0,102786894	6,842336207
2,884784567	0,980214103
0,20476987	7,093013694
0,449948604	7,246335262
-0,336926885	7,292662368
2,971719199	0,35199358
3,115365999	3,23961321
2,620310178	-0,021532041
2,868756256	0,319414993
0,511391195	7,394996753
1,669187484	7,679089568
2,501454111	0,80894112
2,652540379	7,771447868
3,950546863	1,138522688
3,485395077	1,419822209
0,808441354	7,374601279
2,748021939	0,858160323
0,927403898	6,810825108
-0,017631619	7,126303168
-0,686476109	4,073990886
0,814163271	-0,005016571
0,060649894	6,338915145
-0,240772815	6,80044161
-0,526398261	6,368219905
1,804490504	7,62531817
3,685744109	3,438603979
1,555201862	0,445592069
-0,468121647	4,249516385
3,276244315	1,371565834
2,995221636	1,002000984
3,166290795	1,234155887
0,782294381	0,208888765
0,645279428	7,488656568
0,019693365	7,400263012
3,392468798	1,33854075
-0,123293738	6,879501367
0,592925025	7,174374297
2,592717956	0,918482202
2,466690021	0,425477413
-1,296314897	7,025468791
0,100554189	5,581019278
1,752819252	6,664798696
-0,307789861	6,734918424
0,417268836	7,212853041
-0,733925698	6,563981713
3,36640298	1,388377056
-0,006804869	7,0036033
3,18089126	2,108039809
1,321648271	7,666973432
0,968279913	0,405264144
0,460868218	7,240550662
3,600765147	3,163424936
3,626394793	1,220834117
-0,036712155	6,905843652
-0,156858881	4,944661302
-1,002964643	6,654227577
0,880521631	7,448393126
1,856013994	0,603026086
2,544916832	0,488324234
2,825520749	0,964069131
-0,190415513	6,707486425
0,007454552	7,008280563
1,515869861	1,096938705
3,391613567	3,279359524
0,210957023	6,688497398
0,190028764	5,492602789
1,37849706	0,613229636
2,565995188	0,652467884
0,167886875	5,22835709
-0,410971725	6,992012445
-0,016310163	7,013509575
0,581089631	7,262994818
1,926827449	0,956698516
-0,612512255	7,109416609
3,759260053	2,549142833
3,535362778	1,917832193
2,853598461	1,656825672
0,111181117	7,214372383
0,582027512	7,075853452
-0,588102595	5,647381554
0,162689351	7,120822326
2,680250752	0,240214402
-0,551858599	6,084760512
-0,311686459	4,889498164
0,88154213	7,533658488
0,110603781	6,451364202
-0,344199766	8,010880143
3,4853459	0,42645061
2,525401779	1,388294221
0,274957831	7,27793612
-0,918986218	4,202529807
-0,438330615	6,10517859
3,931400505	1,556554415
1,960726954	0,338095879
3,428735082	6,711524274
0,287906407	6,807893531
0,03735494	6,301767788
0,409313188	4,665782761
0,690037887	7,555308339
0,02527511	7,001435909
0,107511776	7,009796882
2,260159122	0,947338589
3,166782445	1,428127913
-0,073080807	5,634822097
3,110742945	2,425455482
3,417965784	1,484649276
0,019848718	7,012847856
-0,528587245	6,297089136
-0,36190447	7,234954163
2,714395436	0,51162863
1,325159978	7,83466044
0,739755773	7,435900954
-0,313996918	4,841458704
0,8264993	7,187661545
2,761174012	1,898946689
0,362036229	5,908729543
1,095151735	7,255473361
0,889000445	0,961203975
3,662552842	1,703872042
2,961531021	0,668571775
-0,291385005	5,78860097
3,738480721	1,358433514
1,804052473	0,677323814
1,990664161	7,073210002
0,475643092	7,121580559
2,078777276	0,601819769
1,13353979	8,216218083
-0,398057869	5,668463606
0,023177623	7,693681632
3,074382051	1,076337252
-0,175542135	6,483345372
-0,641826841	7,235041014
1,409559489	0,610220024
-1,064556675	5,239839786
-0,638176983	5,231916351
-1,053567404	4,470349349
0,012329613	6,887152793
3,858174997	1,483448895
2,306166318	0,577916234
4,135243616	2,230626079
-0,860316538	7,692018015
0,060371111	1,061729498
-0,108758533	6,649937518
0,801293403	7,422151966
2,398978588	-0,03058871
2,028182259	7,687244538
-0,271798123	6,419712288
2,939996418	0,892784735
0,203880745	6,941621546
3,125285302	0,927507802
1,533079403	1,023214677
-0,148413976	6,175077568
3,463646939	1,667895239
3,143197137	7,334761044
1,831564218	-0,327405393
-0,324890155	6,963015961
-0,527856051	5,206993069
-0,077450142	5,172287172
1,777977119	0,74238361
-0,575802591	7,41485319
0,441951465	7,250357634
2,636794068	0,726710428
-0,655977082	5,941686498
-0,561622081	5,577656495
2,659483917	0,607483704
3,550135182	1,933643913
1,864117719	1,126459011
-0,545304436	7,580868631
0,191927744	0,574417638
2,932462319	0,757099259
0,11198836	6,08538545
-0,036208094	6,396684248
2,756298105	0,478738703
2,243220908	7,32571538
2,646193918	4,550018421
-0,244103883	6,634444888
4,306570467	2,303002825
-0,034847573	6,146155452
3,060025336	1,796340867
-0,050426944	7,14592585
0,07756245	8,218081646
-0,030923377	6,993705044
0,301300222	8,260457108
-0,89190602	4,551332705
2,954771556	1,213421157
-0,527043329	5,185271768
0,147440307	6,64457234
3,300921743	0,011915874
3,056672932	4,560148866
3,399222583	1,726085325
2,60718104	1,109087015
0,554900378	7,009133317
1,754361293	0,134569247
-0,295528663	4,089663243
3,71470369	1,23572434
3,315448805	2,041000785
-0,53311629	5,63318349
0,428226876	7,944147668
2,828400791	0,833524216
3,344048179	3,587499069
2,50602001	0,309496277
3,094240766	0,523289784
2,143464667	0,660796194
-0,085076012	7,689343582
-0,172775568	7,614355356
-0,12717971	6,783612685
0,150118182	7,184941641
0,698922053	7,768920078
2,363570636	0,916671387
1,919248767	8,179110255
-0,169584662	6,533517722
-0,147887734	6,103428887
2,781907355	1,154975262
1,507276654	0,788780278
3,103172416	0,288425633
-0,255808346	7,802057254
-0,439523201	5,867844361
1,845884967	0,562254993
3,007968881	0,814793263
-0,286457855	6,694286447
2,530993631	0,851683703
-0,421054096	3,61573181
-0,014186054	4,335645519
0,36783956	6,931472739
3,328238922	1,708994491
2,873477441	1,07934752
4,011435488	1,854601766
-0,583962841	5,248258598
-0,77458775	6,195906252
0,687273225	6,648920548
3,644379705	1,88508597
0,983895896	7,759004454
1,464062855	0,577349813
-0,535961456	7,179943762
-0,149764101	6,857526123
2,786330127	0,686984219
3,013541876	2,318151928
0,601897885	7,625413926
3,904586089	1,572869535
3,061737009	1,339343624
3,260299245	3,129995563
-0,087656144	6,932393263
2,774487075	1,194449576
2,801705667	1,700418666
-0,181452566	6,528972805
-0,898817983	4,932769215
-0,187297027	6,238963188
3,138893218	1,710101541
-0,73887257	7,347398547
-0,499380323	6,340936005
-0,587412131	3,963089225
0,368138108	7,326762879
3,055602622	3,69817539
3,171431694	0,901434246
3,251575791	1,10571223
-0,200131499	6,774477927
3,762645032	0,823378108
3,21669432	6,961128536
-0,068068445	6,966364748
2,12275074	0,663068382
3,173448802	1,096113703
2,429944207	0,769076876
1,093442428	0,547893792
3,178931256	1,273836071
1,136537622	7,763835693
3,41856646	1,46584426
2,237658357	6,867968996
2,909159334	1,463957037
3,276664296	2,100866938
2,500744904	1,087212227
0,150502379	6,879439477
2,074446255	7,692282314
0,193082995	3,791083027
-0,38661442	5,686374674
0,378933292	0,474925478
0,817765526	8,283556564
1,971784849	6,857312098
0,21883786	6,944562146
3,79981501	2,58663606
1,796154087	0,459941535
3,341836377	1,571499003
0,892898401	7,865592463
2,56387875	8,11920358
1,411334909	7,956939181
3,009129121	1,013531653
1,554437236	7,875082677
0,432706296	7,855062553
0,207011797	7,219617418
0,390542045	7,051667567
0,831969652	7,801661256
0,432403517	6,920748902
3,320416414	1,34826745
-0,59278349	6,322593493
2,994285288	1,019209153
-0,775293068	7,028731358
3,566167464	1,371502265
4,420690535	2,465660503
3,059570216	1,202018591
2,873670331	0,416135007
2,865409106	0,733683668
-0,203364582	7,203032169
3,284470355	0,592096076
2,908582415	0,862452904
3,587964415	2,07150959
3,101750536	2,610118529
3,597031251	1,186708482
2,532359979	0,969784792
2,958643226	1,073283122
-0,591667033	7,202945195
-0,2243783	6,320997176
1,666020557	7,204684889
1,805588668	0,077235146
-0,02354361	6,151318849
1,646655026	7,263242886
-0,286599304	7,017550891
-0,146297826	6,881389647
2,343992348	0,812190675
1,36989314	6,735061125
3,332567103	1,335017217
-0,860704412	5,70130921
-0,457103382	6,452390177
0,655180857	7,566328321
2,418413193	0,688091622
0,043721654	7,287124302
2,8591526	0,787727517
-0,138962901	7,433605637
2,65121607	0,63576948
3,17660911	1,335031556
-0,697696466	5,915761239
0,784063102	7,643516931
3,015533263	1,01301578
0,486125881	6,784724049
3,441946793	1,465158378
4,022636821	1,102707456
-1,164371248	5,411245268
0,32148483	6,898132709
0,419254322	7,153075278
0,049882962	7,018021644
3,214735104	1,469565252
0,637741097	7,02126605
2,231705719	8,015596014
3,131243929	0,491656287
-0,317609443	6,55698541
1,246887528	6,700936006
3,234320077	6,628939991
3,1465134	1,33526028
0,118012173	7,323734086
3,924909955	1,20334284
3,01127706	1,05997888
3,36994827	1,641999707
2,349163374	0,173801229
3,413428405	2,087565873
3,814907316	3,277024331
1,279268394	0,346994791
2,907553129	0,886843045
3,127026142	0,67620578
2,840544657	0,724147111
3,730943304	3,884844606
0,23521436	7,566882973
-0,139771283	6,212039599
0,316391342	7,12702821
3,26612543	1,544952937
3,169611273	1,282872224
3,588305678	0,759399803
3,161355261	1,330224537
-0,598711935	5,725536091
3,576280906	1,455578824
2,096065805	0,540621499
0,20727488	7,143608235
3,335301085	1,017984085
-0,340604042	6,505427873
3,35580382	2,705028092
0,090375763	7,107941271
0,645698263	0,157827662
2,991519514	0,636710858
-0,005903749	6,493184322
2,687997389	0,663407648
3,878177407	1,939815962
-0,321291333	6,693479952
0,023924576	6,995214244
-0,601444177	5,776302247
-0,071512091	7,174644818
2,169515671	0,993996884
0,227293641	1,02827997
0,460441464	6,718931367
0,683939987	0,535720274
0,197405621	7,338029743
2,77336345	0,77011249
0,421506191	7,02386852
2,981876407	1,174562235
0,453647739	4,226933919
2,932860816	0,864696141
2,970303269	1,144402875
3,622589943	2,319347556
0,299094003	7,102660672
1,087545689	7,549337204
0,197967928	6,71983406
2,673443142	0,009310164
1,115131399	8,194171465
-0,460482999	6,21567136
3,703328481	3,209636608
2,253182517	0,468954756
-0,31869052	7,156224464
2,8646563	0,828102846
1,201000306	0,222023452
0,861917334	7,382741026
0,573442888	7,691241306
-0,066231921	7,002728572
-0,021622122	6,757125534
2,870707131	0,921005852
-0,386483804	6,64032638
3,497617631	2,533552118
0,347033055	6,33433107
1,147649511	8,084825729
3,314806268	1,691396192
1,354707099	7,807728896
-0,642594976	6,33206905
0,110805741	8,037039813
0,353452902	7,798331252
3,001620137	1,015916667
-0,257591349	6,891135113
2,54790908	0,808326514
0,012463265	7,00785081
2,212647597	0,519033302
-0,658001208	5,76044288
-0,389133864	7,300663973
-0,241135677	6,77573122
1,990290388	-0,009964316
0,186266629	0,74833087
-0,356247414	4,696632983
2,736739506	0,770924197
2,485937188	0,37913027
-0,682476564	4,322551691
-0,259156081	4,708664793
-0,032458441	4,476040993
3,503402609	1,814166396
1,161344507	7,774682134
3,462359291	1,27926434
2,540464241	7,13427718
-0,299871162	6,669317077
0,610748434	8,140941465
3,052940312	1,15626409
-0,055148256	7,424089586
2,788896383	0,071092046
1,967605473	0,629226157
3,003665447	1,007308691
-0,697157321	5,474338744
0,01298502	7,01936171
-0,124418097	5,325594691
2,345547786	0,85415587
1,177237949	0,443078911
3,298928524	2,875776517
1,806716072	0,047310348
1,28381584	7,497993805
0,267384695	6,910826798
0,362551245	4,881202336
2,656143563	4,078653194
2,018390674	0,429779125
2,876987008	1,001725244
-0,004532851	7,015255248
2,602319642	0,416906905
0,056945034	7,119926712
0,065208314	6,50506971
3,7898583	2,753924281
-0,527109388	5,731211835
3,370311945	1,656494253
3,614742557	3,016022121
-0,264129221	7,222424352
-0,512834949	5,122704317
0,915333408	7,639784488
-0,008883934	6,988619733
-0,549064507	5,157140502
2,419762939	1,226200251
3,0891472	6,77866406
-0,101313022	6,78634018
1,337792778	8,097331629
0,077253745	6,974343198
0,617381116	7,344209614
3,293028199	2,544173866
3,482841032	6,936334845
-0,336280004	4,495096679
-0,164330052	7,875079313
-0,755465264	6,777045922
0,706633125	7,4896327
2,968400356	0,997891211
-0,280939886	5,089625527
0,358969249	6,941370748
-0,492539266	4,873866535
2,654070744	7,178986802
1,561246532	0,421528113
-0,093156152	6,588810175
3,441056459	0,735155979
1,285973246	7,522061641
0,848835321	6,649946294
1,82886663	0,486709826
-0,233395148	7,116566011
-1,171841667	5,440431189
2,448788018	0,588703121
0,192393197	7,252154382
2,838313105	0,888157998
3,120652883	1,538465577
2,804006677	7,694379586
0,222417099	6,716586601
-0,033106892	7,057701639
3,363329178	1,682963762
0,44819851	7,125311624
0,936675451	7,696784335
0,078728956	4,836293604
0,583547721	6,424000065
3,56872423	1,037050255
0,164210085	7,182222414
2,759837907	0,400722098
3,510024311	1,618634776
2,416590208	0,566257155
3,001919201	1,001646557
1,21199034	0,101163712
0,933410947	6,769846534
1,912708021	-0,003184156
0,061089972	4,070574415
2,716215757	1,068260529
-0,496283697	6,52762834
2,984275141	0,967900849
1,507170874	0,527790264
2,917002717	0,542648698
0,882832435	7,77312334
-0,386800838	6,544367104
2,919088341	0,859549002
0,043913339	5,08926489
-0,190430116	7,383989924
3,483351077	0,983793947
1,657384446	-0,082191802
0,002404907	6,968030849
0,103309797	7,402499812
3,088280261	0,897693681
3,361790185	1,934030591
2,993812243	0,993586249
2,880288386	0,406509531
0,211323915	7,303838255
3,021872753	0,902730141
1,640971724	6,755458224
-1,186609796	6,220394597
2,721480248	1,245387675
3,477594821	6,115084068
0,59747173	1,051391528
-0,128624362	7,008615906
0,576283842	7,045411296
-0,357585515	6,309297615
1,130457309	6,655932134
-0,932524503	6,148785767
3,395147574	1,888276185
3,051543852	1,07825125
3,560394029	1,94159539
1,448297631	6,937267657
3,03752033	1,044695532
1,040874129	0,576981316
0,162539896	7,17825193
1,765664313	0,21310033
3,045512241	1,28947587
3,237399312	1,167530171
2,64106719	0,664199788
0,292887735	7,527469038
-0,099921372	6,930327746
2,587521901	1,188015615
-0,057417572	7,496205274
1,777301971	7,681856696
1,21900734	7,474459117
-0,527804458	6,073554226
2,758949538	0,746518086
-0,656309052	5,813420957
3,149445942	1,110549753
-1,072352981	4,558795889
-0,610096165	5,98277354
-0,006749386	3,967660216
3,093556141	1,24514715
3,034747628	1,035598754
2,183788145	0,598127907
2,997207567	7,154409091
3,593006803	1,819217558
2,720526015	0,697798452
-0,658674341	5,14777769
-0,546233058	7,10330244
-0,330519146	7,395690783
2,109879492	0,827835032
-0,214566956	6,897120062
3,420775233	0,978659861
1,58511734	-0,000642522
1,38283908	7,036032789
3,647532897	1,714803187
0,316700992	7,561097694
2,968901909	0,785562763
3,155387244	1,454986023
-0,431331535	7,025848329
-0,633592959	6,217263952
1,422075797	1,157530162
0,144698428	7,10016675
1,183409596	7,796659414
2,982106797	0,882108708
3,388793939	1,208419922
0,056893782	7,050365686
3,457255967	1,219494122
-0,515421783	5,919065093
1,382058243	6,966282914
2,35695185	0,963188055
3,067299973	0,957373358
1,783992182	0,39191526
3,33153153	1,570803301
3,443867142	1,826611644
3,276315025	1,366834073
-0,758735654	6,281698503
-0,014676588	6,454594684
0,098520927	5,435837942
2,157918211	0,531388628
4,14742424	1,110250899
-0,552013223	7,111898276
0,777041297	0,548169339
-0,040072406	6,80618121
3,044738767	1,05553045
0,146882794	6,94671661
3,036363208	1,056917058
0,838809767	7,362162027
0,657919145	3,908311413
3,320707837	6,519491005
2,131575373	0,164798208
3,399322373	0,650466584
2,93016631	0,942647867
-0,94631818	4,158813202
0,111677858	5,423167019
2,214483626	0,289738777
0,19572235	7,248823444
0,521676174	1,087887242
0,258961126	7,142841474
2,253904615	1,618366448
3,386083473	2,330186935
0,395970968	7,020659402
3,073493283	0,829387043
3,184694532	-0,029106117
1,645540897	0,073779442
0,133562649	1,19598152
3,27941712	1,248165356
0,264909396	7,182250515
0,031268687	4,276113012
-0,071270881	6,930180356
3,14988835	1,461652864
3,46995625	2,344083555
-0,534465561	5,937432541
3,362544005	2,834358078
-0,055795253	6,90232261
-0,427990343	7,321341115
3,020522277	1,009120904
0,208287249	7,055241013
3,752472837	1,246854695
1,571390762	0,29827014
-0,145920475	7,37745309
0,174740366	6,593158324
2,118447097	0,372513395
-0,864252001	6,319239584
2,240919256	0,371991972
0,122286295	7,254355776
0,425560569	0,203475652
2,097106123	0,110425097
0,003938541	7,740385973
-0,943916181	6,564317298
2,477859477	-0,081562578
2,429631517	0,326628923
3,077192329	0,997392316
3,895753363	2,421613383
3,672401932	2,531807163
3,039264811	1,390272859
0,019562241	7,052033294
2,404860155	0,276260446
2,966002729	1,111495492
-0,334101317	6,12355467
4,172357428	1,430518638
3,480970176	1,501877174
0,141812725	0,988579337
0,795656373	0,253526516
2,558170103	1,138379501
0,648420566	7,149266088
1,99960384	0,1801051
-0,278136487	6,802733652
3,09035644	1,239204323
0,116770326	7,011365922
3,531029141	2,242809131
-0,054286183	6,916077804
2,864015477	1,462598402
1,687464483	7,652346685
-0,060428036	7,016539909
0,855994673	7,925835445
2,38811083	0,508103441
-0,275059573	7,696210538
2,94758042	1,021204654
0,795746855	0,117707236
2,112569451	-0,117396137
-0,002915916	6,968837945
4,129421294	1,585931062
2,954702685	1,254039155
-0,874964424	5,023921445
1,196368417	7,338103419
-0,195991146	5,400506519
-0,058753317	6,863483192
3,843741066	1,933754059
2,837161589	0,955998429
1,314312587	7,34258763
2,785182598	0,95037169
3,057438939	1,026775605
-0,211060944	6,816669038
-0,11587067	6,455038077
1,616252556	7,352968827
2,334661823	6,984469737
-0,66283644	7,185901623
3,013234281	1,079083449
2,612779663	8,09970513
-0,038196832	7,074142083
0,44687189	7,492201716
3,28318671	1,097067887
3,022498324	1,413841445
-0,646348276	5,251382649
3,512902752	2,503200569
-0,591484199	5,856604632
0,840015879	7,561573722
3,152650874	1,067183037
0,657058881	7,480865718
3,181620016	1,084982038
2,11686214	7,405947228
-0,022375165	1,381486206
1,847466299	0,161770827
0,462819512	7,405273742
1,314435372	-0,185550935
2,144570576	6,781119145
3,064422209	1,049646429
2,911139679	0,84428661
3,143295306	0,414510417
0,10192414	7,00133527
2,79180242	0,819422764
1,679717551	0,278990884
2,878089571	7,016342844
-0,166583125	6,361848093
-0,03055407	7,11220784
2,869680703	0,976218139
0,612598645	7,387660503
0,392354006	6,760589203
0,080494452	4,959489948
2,939440599	1,177234253
3,171249831	1,1880044
3,342420545	2,872374766
2,856257792	1,201731471
0,261999647	7,48278341
-0,428572369	6,176648839
-1,237363196	6,050556964
3,670622211	4,066174983
0,460371636	7,131801196
2,040000643	0,363755055
-0,47097571	4,619613873
-0,507816904	5,478000227
2,754510061	1,64782976
3,517835955	1,12741646
-0,095647051	6,333740721
3,005887733	7,351498654
0,817789768	0,194410771
3,216242198	1,069720899
0,341546025	7,148222244
-0,415843134	7,804504481
0,784364461	7,667420235
3,505469764	2,233641554
0,357408247	7,37015922
1,716798628	7,539101839
-0,594747658	6,441448269
0,130187872	7,347098051
2,972188936	1,060309929
0,309533203	3,629480855
2,770599012	0,646352485
0,441102476	5,756912848
1,304087003	7,204548675
3,673000833	2,170057977
-0,102232422	7,268459009
2,75759377	7,029400437
-0,331500853	6,311602687
3,89035585	2,935699454
3,678158732	1,693635453
1,431386368	0,005819536
0,238482578	6,353377032
-0,760039599	6,782361524
-0,139770675	6,175670302
3,531771418	1,127282248
2,781047241	0,984196276
3,228791887	0,747504745
3,498084402	2,609216067
-0,139673081	6,588545079
3,064199119	0,918984937
2,829297096	0,354825269
0,044535632	7,184008388
0,087614299	6,882797831
0,753956264	6,926505454
2,560302655	4,561590732
-0,27745575	6,353959046
2,362167193	0,730952227
-0,262210922	7,233324801
3,430481013	1,714266158
0,099318476	7,179697469
3,494741863	1,421402868
-0,922130705	5,410830919
0,040790876	7,031340551
2,681084244	0,797694665
-0,202184502	6,904831976
-0,40147762	6,40872355
-0,069937931	6,940904828
0,738960034	7,710917493
3,075962114	0,775757535
-0,001584117	6,996946017
-0,062963642	6,195339631
2,335509715	0,632636232
2,977970191	0,990849197
2,314608872	0,456811789
2,174326376	0,646063534
-1,009009638	5,498013767
1,039454485	7,421582607
2,500927174	6,929636465
0,575585963	3,780362233
3,66667017	6,920066556
3,29953799	1,304133535
0,205434128	7,093340577
0,061424505	6,887375247
3,022625275	1,02339678
0,591968647	7,457571547
0,345740155	4,351044576
-0,071649873	6,47025487
2,3658925	0,492842815
3,025367249	1,206265191
-0,767948928	5,949964727
0,24545004	6,38433223
0,686985004	7,678636862
-0,790162928	5,739024624
2,922176774	1,183596583
0,891813078	0,362114842
-0,284908143	5,060784648
1,300229168	6,742953168
-0,572469668	6,252675177
0,177023558	5,426521282
2,109884925	1,114059618
2,477352936	4,208510824
0,660245788	7,137610413
0,233034299	6,984008615
0,148773973	7,981217594
0,16039636	7,130276707
2,960740271	1,031109959
-0,388454064	4,934141333
2,990805998	2,156076649
1,478984915	0,946850322
0,047496772	6,947381303
-1,571153235	5,488379287
3,864841045	1,379064776
4,137880855	2,271895898
0,678591595	8,431201871
2,995855142	4,487234998
1,004913146	0,434752907
0,669226072	7,026508878
-0,122290151	4,534224254
2,940232108	1,08935981
3,132754574	1,313989911
1,741451776	7,988495417
-0,624091051	5,258579456
0,014204266	7,093519711
3,539985054	1,488894334
2,987628677	1,758678989
2,523940294	0,854557236
0,16847299	6,925795235
0,821183002	7,341717602
3,237530872	3,202768706
-0,010779788	7,026896728
3,788461649	2,990132772
1,046936286	7,18470642
-0,135782511	1,190479813
-0,196250511	6,689517607
-0,22233355	7,212738504
0,726136695	0,075726887
0,561187762	7,19696843
0,026433874	1,233546323
-0,201121082	6,765210685
0,321349986	7,545499025
3,068541384	0,935681507
3,137985719	1,23952203
0,080561715	7,026978787
-0,110371616	4,294822288
3,556990585	2,22060625
0,593328396	7,485493153
-0,342235898	5,228098732
0,094880927	7,837297649
-0,955457424	7,135891935
2,695059339	1,235888099
1,571360833	0,43742542
2,160768653	1,383695343
3,533471587	1,461513668
0,284337997	7,100816454
3,118207145	1,532086051
2,089449486	1,231676347
0,059569903	6,835768023
2,268361662	0,448864739
0,288346232	6,908032114
-0,176097482	6,841815314
-0,112082925	4,35995481
-0,015504754	6,52750649
2,720141255	1,648250546
-0,661224708	6,063988163
-0,353186507	7,682566101
2,69705145	0,796807459
3,223372192	3,361725674
1,034838094	7,60888384
0,163915093	7,134585897
-0,876684816	5,006473539
3,521574381	1,815819836
1,331657539	7,097890228
2,916364689	0,486797316
0,727564719	7,130900222
-0,510860244	6,44961511
-1,031755635	6,024537188
3,475744546	1,775712219
0,599753657	6,459048067
3,675596277	1,165506041
3,397315213	1,643077169
2,780583846	0,886627495
-0,602040289	6,222433333
3,394472438	7,191655781
1,235865716	7,172159959
1,985958049	7,70561307
-0,541476347	6,098978678
2,486550653	1,08526808
0,733574262	7,152970585
3,420500201	2,149431463
0,831924514	0,55586895
-0,326869349	6,966740818
-0,986105269	5,437690668
-0,833070569	6,725157823
3,296759597	4,420690673
2,160429431	7,772318729
0,082038226	6,740671634
2,964049656	0,965406131
3,159688627	1,380513849
2,943727816	1,026543384
1,336435446	0,335120214
-0,791850277	6,986215519
-0,232666643	7,438262358
0,509862499	6,903638486
2,284587479	0,694821241
2,580317386	0,49152369
-0,045549278	4,368892498
-0,827123032	4,992309899
1,81707272	6,987822299
2,333010782	0,784295687
0,066748898	7,281721846
-0,312643685	6,325020275
3,10665312	0,554231666
-0,122425198	6,93998595
2,753821844	0,809514136
-0,203782181	6,141266296
2,92282325	0,884980241
3,626355522	1,722974628
2,404535967	0,675029391
1,902013689	0,188483273
1,477583995	0,481134304
1,555580812	7,66015022
3,570722129	1,592901372
0,005729722	7,001188967
-0,146586379	6,714160714
2,679801774	1,128774231
3,08272337	1,037081164
-0,133106105	1,362005779
2,983835147	1,169262096
3,115266508	1,191043795
2,980023889	0,983046209
0,349589491	7,452326938
3,945089159	2,031095041
2,091935746	7,276706856
1,020726516	6,959602111
3,115413521	2,860550457
-0,262699921	4,47796996
0,06812558	6,387883243
3,122263383	1,398353621
3,285194946	3,502168394
3,008644828	1,446431714
3,045388385	1,182666735
0,903726113	3,296481319
0,275799867	7,610346804
1,628025797	7,298869245
0,047388481	7,387443308
0,599904657	0,198757001
3,336233043	2,85028215
1,95995251	0,394206555
1,939761919	7,777616584
0,398658859	7,158606035
-0,795883193	5,604841175
2,99149001	0,62324253
3,14496613	3,777602772
2,985511337	0,960080866
2,927990278	0,94567151
2,873614296	-0,1788404
0,573239905	7,415856278
3,394117796	2,557267849
-0,009052005	7,026968754
2,67158143	0,948666423
0,648346626	0,379421665
0,700859652	7,146841926
0,096595752	7,414215902
0,941328822	7,36598127
-0,155969504	6,028505379
1,786198348	0,464913475
1,407475809	7,369636473
0,087015584	6,822208555
3,452127262	1,585012253
2,529783516	1,113919248
-0,109881936	6,355691016
-0,534170895	7,112752205
-0,054057263	1,098312611
-0,564516431	6,301369429
2,012575489	-0,127831039
3,155395077	0,777069063
3,238302408	0,398223437
-0,383546814	6,161392148
-0,592714826	5,446739518
3,644853476	1,895560275
0,084766338	7,286090021
1,968481755	1,068930306
1,259207274	0,221984103
-0,044728815	6,769139987
3,075580016	0,925793845
3,149061385	7,089476932
1,729990565	6,921571195
3,677284007	1,577779293
0,156996062	7,211600783
3,248611882	0,80942608
-0,467502127	8,070058738
1,365727437	0,009055318
4,229946086	2,744361252
-0,979203347	5,607481314
-0,851208284	7,37003969
0,348634757	6,274016732
1,592992785	0,48167647
0,627692505	7,587404343
0,129839378	7,335174014
0,13028956	5,655585908
3,314935472	0,789987899
-0,609273868	5,706449695
-0,174685377	6,596173275
3,504077552	1,48982079
-0,058684604	7,560897453
3,266748501	1,599642744
2,734221735	0,595668343
-0,0501793	7,344529787
0,820297597	6,985561808
-0,395227464	6,601237846
2,344931676	0,266622081
0,148804208	1,250471938
0,344945199	6,606427136
-0,15584683	7,107346872
0,267753331	7,11421413
3,480943266	1,80055059
2,749297028	0,664616612
3,051213226	1,069443533
-0,425296293	7,157720003
2,687264347	6,851912967
2,617885321	4,515071043
3,384362453	1,649911766
-0,239300445	6,980769851
1,706394584	-0,186988876
0,674672007	7,220481844
1,679963817	7,339746337
-0,069317872	6,87286292
2,782527153	0,883204668
3,174214125	1,525550132
-0,898725276	4,660598919
3,465858727	1,289486019
2,431673658	7,557721051
-0,023388961	7,019788003
1,214869825	6,986673096
2,607219631	1,547840299
0,095062928	7,354278877
-0,45729417	3,65203595
0,194973934	7,392555348
-0,655871054	4,982692966
-0,404999306	4,739513945
0,018617049	5,142396508
3,20609218	1,027850889
-0,46573215	4,518462179
3,013932269	3,517446265
1,863157821	1,03575535
4,28700125	1,459464571
-0,345661755	5,7258513
3,057024999	3,397907503
2,3580058	1,010002391
3,017799901	1,14285726
3,062867189	3,586547041
3,506789989	1,347262293
3,445120349	2,606177243
0,605044179	0,251913839
3,018622204	1,07495589
3,21259369	1,193437505
3,661793595	1,133266738
0,505237732	1,215657032
1,902006486	-0,0573767
0,178602759	6,274851959
4,318182029	2,141922132
3,097233705	1,05362808
0,6821846	3,422332245
1,329452357	0,383812401
3,21270422	6,703664907
0,432791525	6,770022306
-0,673642828	6,711341576
1,750473339	0,124736531
-0,022239054	6,936926552
-0,921433309	6,843768481
-0,224407929	6,842036859
3,570571565	1,327020722
0,158060136	7,01965741
2,995541046	1,021495275
0,122711989	7,064416555
3,039278739	1,172964055
2,328822966	0,620685442
3,011298206	0,999803481
2,012294242	0,520399457
3,785602803	2,061286753
-0,48234304	6,735773124
2,523179527	1,28376782
-0,765550405	5,668905217
0,280653999	7,30686313
3,465497373	1,666645646
3,34605678	1,314366558
-0,352557168	6,62755571
3,319388224	1,534936175
3,733745496	1,499945061
0,276216258	7,201898287
0,223873188	7,190175449
1,5810109	0,883103797
-0,155559945	5,863527246
3,364501751	1,95061665
1,152732005	7,796624644
-0,378862147	6,116260772
-0,036387657	7,000451167
2,976365342	1,017002277
0,437289073	7,305776251
3,981479406	1,60175872
0,168278473	7,246676069
-0,456612998	6,555289204
3,103779922	0,505356799
2,424211234	0,778879443
3,156985102	4,455283063
2,023667472	0,786227037
2,517447153	0,322455942
3,058391313	1,834160426
0,036769182	7,027503906
-0,854938605	5,853537424
2,04466606	0,075588687
3,059207551	1,069117279
3,204057875	1,317992559
0,887543896	6,276933251
1,289244027	7,24116051
-0,230927872	5,051354835
3,333087927	1,019567839
2,902117637	0,617356343
1,882233755	0,307734639
0,185815844	7,152612279
-0,356012581	6,500825409
2,215168242	0,695197732
0,194564336	6,405247419
-0,509387832	5,092855764
3,660428294	1,885447246
0,143746541	5,716338818
3,784841711	1,516686711
2,194392929	0,309008228
0,515630462	7,279203057
0,119266682	3,583810493
0,653802553	7,192646423
-0,417195357	6,522597084
0,666682094	7,203293184
2,720214824	1,157804644
-0,122954126	5,680116856
0,089024273	7,113275333
0,227492391	7,130967163
1,388718941	7,515980877
2,883402359	1,345566149
-0,105163417	6,885213169
3,48252673	0,201075725
3,474097974	1,953296734
1,250874422	7,319273474
3,509355443	1,309756105
3,611585019	1,433239652
0,147035518	6,21714845
0,830779767	7,49953529
2,985596723	1,166371852
3,667810901	1,947989862
2,933674065	0,968359355
-0,257208734	4,604214752
-0,368163633	5,859983102
3,164255837	1,763178206
1,405125375	0,677558476
3,412864052	2,800644323
2,919278221	0,961832972
-1,067624959	5,835486881
-0,38261632	6,113815209
-0,567404298	5,314754251
1,32680816	0,524635387
0,053638259	7,099981609
0,738319195	0,356246897
2,109120231	0,380777864
-0,788342474	5,36338576
3,239731156	1,605224199
2,664763835	0,926657076
2,894324424	0,945234452
0,255880681	0,48899336
2,099682959	0,93757438
0,219101969	6,891005933
2,311364685	0,601908544
2,906012275	1,352969752
-0,837404102	6,595334645
2,356840143	0,735559426
3,361007273	1,365264467
2,455717271	1,240820667
-0,825752602	6,470867572
3,289366134	2,148309035
3,236556572	1,097373987
1,299022405	6,940144557
2,788435164	0,709314389
-0,839792408	5,7527325
2,643763131	1,103656313
2,353915236	0,399858122
3,770711405	3,215872953
-0,438942333	6,158421562
3,466765735	3,087956102
0,324770245	7,459387794
0,145175453	7,107941923
3,564372745	2,979878218
3,738316275	2,361318055
2,89427863	1,498434697
-0,492126106	5,027107632
2,906555178	1,101431508
-0,606689594	5,875040375
3,12311304	6,759107062
2,695006406	0,717797715
-0,210759666	6,391166012
3,978225873	1,911631394
0,8600168	6,529189463
-0,449601664	5,128185536
2,900941503	0,968265821
0,080432116	7,638011964
-0,539105385	5,902361177
-0,246147642	4,170818135
2,912761984	0,990601681
2,782741089	0,794445044
0,169345722	7,125448985
0,321345497	0,679025809
2,824243941	-0,203123989
3,41841919	2,567654961
3,061434648	1,340961562
0,130150055	6,89340462
0,585380885	7,81269822
0,597130897	7,41842975
1,383689827	0,667430268
2,787934433	1,231262204
3,810067515	2,661116379
2,462425086	-0,189864843
0,019304575	6,633139997
0,102630068	5,369982702
-0,140753237	6,632316573
3,245151423	0,965344962
3,087109214	1,510382443
3,501799692	1,365367514
3,529941	2,149727623
-0,500837494	6,671506545
-0,410558166	6,474110082
1,826976573	0,823017006
2,185076656	0,670938358
0,060238498	7,01975407
0,002709162	7,023029823
0,462143081	7,009516207
3,37355314	2,185272551
0,034561332	6,941861355
2,564194078	0,514695299
3,128098817	0,98191099
3,657640742	1,781411048
-0,431256687	6,556342554
-0,349818862	4,18793155
0,454440398	7,343027627
1,205421638	0,373516888
0,790290902	7,426317484
0,03770967	6,993816196
1,45638699	1,239987369
3,440342692	2,572175031
3,032960321	0,946613928
3,867907738	1,794298404
1,232425687	7,14628266
2,461506184	0,550440195
3,96452565	2,330780035
0,283562744	6,985776666
0,513453091	4,293863225
1,928181041	0,179636726
1,679990968	7,450034787
3,058090717	1,325673366
2,786409832	0,539661998
3,381480463	6,55517067
2,782869608	0,739716218
1,612652164	6,609833386
-1,360058353	6,47315971
-0,638649775	6,081998626
2,959065746	1,009790293
0,394356403	6,262883797
3,457008145	1,393749646
2,785958065	0,853605694
-0,027816487	6,980049668
2,655825264	0,345892792
0,175322994	7,038340521
-0,174770203	7,066023686
3,05567819	2,238330108
3,921458395	1,809080138
-0,17467566	6,772871671
3,528519883	1,428642748
1,469354234	7,647800956
0,939142036	0,253182891
2,209505998	7,92698124
-0,687774137	7,692550856
-0,006282497	6,424667524
-0,104986333	6,923984266
-0,686434849	6,34626327
3,200273781	1,079656708
3,032524401	1,677542231
0,383990387	6,213816559
0,059012919	5,468454516
3,042658282	0,634907605
0,061559784	6,929825732
2,401852204	0,079574722
3,131194233	1,682803091
1,189569967	7,764804371
-0,880508902	5,657801039
3,052782647	1,091567075
1,963977367	7,125851406
-0,577418478	1,565846858
-0,403321356	6,252518069
-0,283000338	6,139102459
3,180123938	3,124587501
1,07992832	7,659058051
3,362141855	1,382546109
-0,268161347	5,550272183
3,406488653	1,460501255
1,505481019	8,581923792
-0,386639597	6,533567231
-0,135304976	7,391596582
-0,538897178	7,477729744
2,744611079	1,395925374
1,168958938	0,31967515
2,842780785	0,999960278
3,275598994	2,778662779
2,470168589	0,486442172
-0,206225057	7,307444592
2,81467608	0,771259784
3,800022413	1,054276964
3,897134264	1,363112081
3,544841175	2,741846257
1,400847116	6,953071831
1,475830353	7,900958092
0,311980123	7,316498212
-0,505315556	5,695485361
0,39550908	7,276660458
2,619364253	0,88283173
0,633753511	7,61355139
2,849231124	1,254895435
2,980970151	0,996809451
2,323979166	0,68775137
0,762332573	6,700670021
0,246683706	7,019218063
3,594796803	2,147233846
3,765540557	1,001377765
3,013504573	1,55885894
2,414968665	0,752159697
2,884955619	0,801750909
2,411141039	0,763517124
-0,328920625	4,974856713
1,479550105	8,023805856
-0,964335579	6,292827344
3,169203157	1,486137045
3,406885454	1,748256362
1,039720454	0,200188191
1,190902902	7,914727737
2,461259426	0,81910376
2,91333358	1,059779858
3,07328196	1,058801323
0,181591316	6,256704024
2,508112231	1,613990352
2,881799776	0,937933802
3,071035959	1,262298903
-1,108955019	5,805023723
0,047346617	7,047471259
-0,141628523	5,143285607
1,612711888	0,970223894
-0,229008274	6,474272419
0,243925562	7,898875046
3,019374211	1,098693268
3,77444052	2,884120435
3,01098504	0,746084657
1,971839416	0,931885394
0,086426882	5,855074555
3,505301244	1,300973294
2,778492132	0,7316328
0,19734062	0,565024807
3,004105855	1,005830851
3,035626734	1,034861872
0,166199674	6,813493818
3,429620331	1,838428062
-0,40587222	4,706055776
2,615949645	1,198250988
-0,148960253	7,094208482
0,422482024	6,858585051
0,095131992	7,037939788
2,306016242	0,530911518
3,44925287	1,648738305
2,898310865	0,953131415
-0,548662197	4,426767666
-0,133497631	6,842124011
0,731378991	6,114728393
0,060288889	7,053682421
3,181899094	3,362909289
-0,222411714	5,578926454
-0,089586315	5,749257025
0,227686943	4,373597862
-0,13900639	6,548715689
2,982395651	0,999266459
-0,022742296	6,879819579
0,263131859	7,200255877
1,385319727	6,538685856
2,406795803	0,637991036
3,621336378	2,279795383
3,238905489	2,972733913
2,742652489	0,622151259
0,014673999	6,779136842
3,219714714	1,044472345
3,829254339	1,716611538
3,54615988	2,460133914
1,949815377	0,248189637
3,557790503	6,199071574
3,123051117	1,200652569
3,633661236	3,306054359
-0,023170472	7,02193085
2,514350648	1,234720747
-1,331937791	5,662356543
0,022716526	6,950483727
3,178129613	1,133791112
3,086540672	1,136265442
-0,067343333	6,928241138
0,429272022	6,961182942
0,09582911	1,268234373
3,435748759	1,586776015
-0,199456876	7,56545073
3,250180565	1,0014592
2,432869638	4,837449558
-0,212908255	6,44206017
3,044878939	1,086172536
-0,318800298	4,496711662
3,101624822	0,893689368
-0,551799354	5,604111492
-0,004369912	6,972067083
-0,001741597	6,927654795
-0,387487504	6,338604664
1,228486184	7,868165084
-0,721255535	6,274892365
-0,325003432	6,035064534
3,913702193	1,781689502
0,12424522	6,9350912
2,934813407	0,862270354
3,099448364	1,347173815
3,388136357	1,416428834
2,255849864	0,922111604
3,952052559	2,987404383
1,665559332	1,281243587
0,630339328	7,163663176
3,543308451	2,826679672
1,80708255	7,763757498
4,019071966	1,157374166
-0,080095675	6,820349351
2,936779118	7,065449736
0,011939634	7,147234283
0,366220726	7,489486122
-0,003959415	6,993013981
2,653705592	0,809853997
0,637566114	3,260351047
2,522923915	0,53096227
1,466070756	7,35949428
2,961457646	0,917013985
-0,04079267	6,972847909
-0,159515505	5,31007108
-0,939774288	6,295736213
0,419875377	7,25544142
0,869471231	7,359381421
2,445226103	1,4287152
-0,324195057	6,769697366
2,116579465	0,602130456
0,835432643	0,63943865
2,775937524	0,824346678
2,966641125	0,961972497
2,775178576	0,6354615
4,048461623	1,495373274
1,394683993	0,385346975
-0,071945178	3,537519105
0,248233951	6,960545966
2,709656717	1,579441655
2,874989013	0,897576872
1,416415849	7,516595768
0,658009225	6,997067019
-0,905746236	7,006278161
0,014852073	6,83441925
-0,701136329	4,98504302
1,18813491	7,261793372
2,41848559	0,646971795
0,990075817	7,133176955
3,304682863	1,330972749
1,338914502	8,401309073
0,103515727	7,7042785
2,990186524	0,98211557
1,166534909	0,318042097
2,925157351	0,920750537
-0,002904013	7,142078354
-0,07735388	6,904338108
2,622242633	1,310645869
3,121300273	2,19609027
0,765084779	6,73185899
-0,527870376	6,221636786
0,213749707	7,105079484
-0,372544842	6,240033475
-0,0531318	6,928914953
0,831245777	7,250806853
0,294098008	7,070622953
0,008207504	7,017873947
-0,571696171	6,545014784
3,244808582	1,111188365
2,76705083	2,164179977
0,682877571	0,296711687
4,084691937	1,077172503
-0,254207452	7,338954317
1,133989247	0,915664334
3,113295868	1,954573847
2,883856142	0,412569701
3,509548972	1,410091993
0,524805469	7,621859142
2,832130824	0,985717417
0,718237595	7,263635327
1,701552143	1,087402659
1,608114399	7,108098774
0,73271138	7,32381306
0,037733744	7,028630772
2,748428629	0,650986643
-0,097423361	6,615732771
1,467558693	8,400986019
-0,127470602	5,394912616
3,59020934	2,017684951
-0,944024023	5,925521724
3,952433149	1,87011994
0,183125032	6,490577342
3,306559768	1,844923085
0,251152445	6,407137793
1,321721773	0,571084554
2,239392408	0,731272407
2,796434663	0,837508721
3,256684486	1,041541984
3,779749175	2,042932243
2,980389199	1,722253437
3,502363528	1,112017907
3,469974089	1,479803024
3,11937288	1,34890375
3,350908793	1,030188287
2,431361728	0,642508481
2,691742801	0,847164915
-0,434642255	7,928206189
2,369970386	0,91328925
0,534219097	7,312847696
-0,535602024	6,015108754
0,530055549	6,497336801
0,081395892	7,101539355
0,034701902	8,015426383
-1,047039909	5,400046012
1,422327216	7,433118239
2,827707318	0,35957045
2,956197351	0,967132401
1,773908142	0,692550384
-0,160245678	6,4897322
1,092551758	0,598308296
1,634595029	7,2790572
-0,270799293	6,873702518
3,75525027	3,945058729
2,111677603	7,574317216
3,08190835	1,077661558
3,368112649	1,335131075
0,30961564	7,311278022
0,173482983	7,328709322
3,31817196	1,149219144
-0,463021655	6,625811235
2,819552982	0,707217631
-0,487940359	5,926891923
0,056754218	4,81558795
-0,268749212	0,538679244
-0,518046679	6,512009543
1,235559386	7,009156748
-0,270781542	0,844991224
0,633938805	7,972070403
2,819574662	4,050212051
3,031820038	7,055377076
2,452858814	4,784418695
3,222241862	4,172360489
1,908634464	7,140228046
0,236568904	7,18870989
2,10907457	6,767160206
3,988687879	2,352029695
0,031005425	5,77246447
-1,33841172	6,455658777
1,442503366	7,397264561
2,376160559	0,710576945
2,536466808	7,31654185
4,006061365	1,145969196
1,966731509	7,397281121
0,82356164	8,365694559
-0,901093306	5,837722326
3,868844747	1,089018759
2,93564272	0,902553013
2,926384233	0,645353409
-0,489215766	4,159561221
2,662475568	0,835683885
2,854454278	0,875983296
-0,396836328	7,247356546
3,31315179	1,27656289
2,519927851	0,359993309
3,389417396	1,016258482
3,076216061	1,240064789
2,389510327	0,781293254
-0,269513277	7,677295689
4,117893187	1,880900289
-0,099170079	7,051862827
3,359298743	1,856335643
3,34822979	1,531176897
3,391094677	4,14435937
3,001940264	0,987467568
-0,142564004	0,832420504
1,895305744	0,254419477
3,190827533	1,243581905
3,125305636	1,302946929
2,502162604	0,666958623
-0,003417454	7,002232344
0,466382545	6,576950108
-0,50558561	5,755065878
-0,540505806	5,541816159
-0,182006913	5,645747467
3,161276398	1,370504433
2,397944887	1,265179682
1,58882134	7,730861696
-0,234785865	6,469841409
0,976151615	0,527714632
0,001788652	5,682279701
0,314456287	6,246164865
2,361842141	6,889053883
-0,5325456	5,891003156
3,485899705	2,260252129
0,013629714	7,000533501
0,570728679	0,639616794
1,733519165	0,797016001
2,863411318	0,881567297
0,352392384	7,483532374
3,053155838	0,901806873
0,050154274	7,039419025
3,140083435	1,178431808
0,146885739	6,441542964
-0,124132664	5,132906939
1,768662772	7,450107378
0,620886995	6,98938634
-0,638816924	4,42608534
0,589499496	3,734401533
2,118811028	1,049007337
-1,313149515	6,451153159
-0,55002101	6,353797142
3,319300641	2,886516797
2,540894835	0,834459324
2,640774298	0,68468107
-0,562446739	5,51030051
-0,630864269	7,037398817
2,803803414	2,452706245
3,083585061	2,283968751
1,387650729	7,621611387
0,116140224	7,446244283
-0,564525755	6,263913628
2,964047486	1,183795427
0,143365072	6,695979646
-0,290990494	6,683843146
0,69680352	6,284500249
3,453285406	1,80443824
3,582991109	2,527865638
-0,439441946	6,505944527
-0,298992331	6,732904701
0,186115808	7,096385572
-0,094118827	6,525491816
-0,319501374	5,37435033
2,777705644	0,552167651
2,234010837	0,433122119
0,217164581	4,108278982
0,336174072	7,695023623
3,298482099	0,623355383
3,009450787	1,009023683
2,591682747	0,762448732
2,126290001	4,72614831
0,133723536	7,842980756
0,068035515	7,277141701
-0,665274683	6,172932229
0,477566828	8,298238263
0,724652439	0,859103351
0,437047526	6,605176768
-0,464669118	6,519989023
1,331817845	0,849000778
3,384167219	0,643012394
3,2503871	0,841254631
3,246028417	1,669147325
-0,590355309	8,056243662
3,785675714	6,194433965
-0,777382074	7,225578923
-0,402528174	6,240045687
2,635828277	0,955174465
0,179825379	7,134944493
-0,035401382	6,128949441
3,359609949	1,25110406
2,949922801	0,888157293
0,031967086	6,467108589
-0,631239118	5,805820699
1,810473471	7,332738583
1,713974789	7,330679903
3,250717547	1,389943526
0,150442685	7,349863156
2,065742579	7,331943114
2,841385814	1,279202275
3,434509463	2,25048801
2,829299263	1,133326086
-0,476893783	4,896029196
2,817230268	0,973093285
-0,939659128	4,83633964
-0,123221035	6,414576614
2,981825901	0,705606267
3,01758769	1,072546768
1,473228446	7,626719894
0,996093349	0,571166348
-0,50960945	6,569287721
3,051429486	1,374930273
2,723042542	0,828883982
0,679067183	0,960669911
3,041750322	6,925522157
3,152675616	1,141455454
3,068507115	1,131212907
2,266940594	1,296302114
1,951283132	0,143716993
-1,198982069	5,331084004
-0,364268565	6,490674432
-0,114941837	6,910093186
2,735557899	0,425986695
-0,418020297	7,555308024
-0,755066587	5,846842804
0,363672289	6,226288939
3,133044815	1,15895337
4,297096993	2,818400346
2,493281894	1,147811168
0,14494623	0,40772397
1,626856624	-0,085280442
-0,424662006	6,189206377
-0,382698298	6,595158746
0,658064054	7,595942221
2,716078878	0,799667973
2,60920071	0,594073034
0,971830108	0,860344888
2,996662456	1,94406501
3,191705533	1,017153837
-0,854900081	5,134903259
0,793322278	7,516091053
0,098458933	7,064216111
1,375984959	7,657750717
0,120883024	0,595790114
2,587202913	3,853290938
-0,67213217	6,504188386
2,655187235	0,768014545
3,677170699	1,710933173
0,092746797	6,986883581
3,371945952	3,29098801
2,975404487	0,941867313
2,226501303	0,06019055
-1,21948814	7,224789354
-0,031207107	3,556352637
-0,054316958	5,126615262
0,008416777	5,656100441
-0,679219101	6,619523316
2,799742937	1,289211531
1,072355783	7,780109707
2,837778415	0,874637496
-0,491544976	6,101143093
-0,103641428	7,724069347
0,409804943	7,3922903
-0,185453901	7,365581292
-0,053231591	5,510543611
3,647956891	1,210557701
3,308918851	1,913106539
-0,384479633	6,05341418
-0,233742279	6,52246773
3,086378227	0,797054423
0,404435168	6,739290713
2,971052959	2,871479967
3,074395556	1,338715834
-0,421660874	6,611297022
1,370066552	7,301498535
3,055552743	6,940326792
0,035344241	7,0296808
2,252934295	6,732412863
0,202272807	6,293017547
1,499584478	7,448511468
3,266113487	0,667286362
-0,593118748	1,347162285
1,011523333	7,50740576
2,999704924	0,904762119
3,371707729	0,943009182
0,226257347	7,11978602
2,932709326	1,719014567
1,642066916	7,295582455
1,89956535	7,523631717
-0,403345291	5,557842276
0,105292014	6,958271046
-0,3907628	7,139282929
2,296941326	0,788341389
2,900147248	0,952506099
-0,792624951	6,276234834
4,025067675	1,902171251
0,206606793	7,129900672
2,58737329	0,69449064
0,476205731	7,154775134
2,825756538	1,145078666
-0,22881643	6,715645518
2,098371112	1,179475255
2,869627761	0,857872039
4,229337646	2,862679042
0,377467718	0,554992864
3,267103792	1,055136359
-0,125086105	7,02771421
1,827907897	7,233704962
0,882352286	0,668954266
0,159340687	0,466793374
3,406586904	1,445444124
3,137127176	1,104155044
-0,395878075	6,431768411
2,166773032	0,435390396
2,378675551	0,152441666
2,919272752	0,863853388
1,701099998	7,501018564
0,033629547	6,515140592
0,601772974	7,128539239
3,432363244	6,773694752
-0,169516565	6,834750085
-0,609953875	6,746184445
3,336942276	3,230396191
-0,395344593	6,742440907
1,295633219	6,84214971
2,277433679	0,97727482
2,833093166	1,328148241
3,124147705	1,055400081
3,393267467	1,138082058
-0,091517068	6,844211642
0,940883119	7,22545615
-0,781073078	5,947659763
3,072085671	1,101901438
4,374415338	2,380923511
2,526041089	1,224808762
2,217569218	0,829609851
0,225748448	7,089373465
2,740931571	3,535537431
0,851887291	8,042058682
3,010106891	1,024586038
-0,396271066	6,96644748
3,375241313	3,165918486
3,097766402	1,456764328
1,315418717	7,248679287
2,864782975	0,857793735
1,117400142	7,434902891
-0,019967328	6,908269304
0,596292699	6,641994959
3,293360662	2,0118791
2,982259443	1,687581123
2,017059179	0,721138038
2,215592082	7,064166351
2,927708914	1,22528951
1,27789357	7,505950477
3,180697151	0,973332143
0,154951451	6,966800788
3,316372807	1,658486934
1,388764861	0,071065754
-0,001443127	7,1629439
-0,116560832	6,820358074
-0,596228062	5,84580544
2,107256587	0,538220855
3,122596419	0,757918879
0,756673014	7,296145095
1,261088572	0,44660241
2,403785116	0,683334755
-0,257326753	4,027988729
-0,362229011	6,319025821
2,313878583	0,360867744
3,180067648	1,127185161
3,343931844	2,64855522
-0,156413497	7,338909929
1,78672991	7,411407038
3,499233397	2,270041724
2,526704408	0,980945154
0,028134587	7,013636875
1,337421909	0,486317643
3,828059446	2,119676575
-0,142186802	5,278032161
0,124607263	7,098971506
2,964876683	2,561340798
3,572442964	2,952604461
-0,125195134	7,815857554
0,89011311	6,733733618
0,253352005	6,972963461
2,812747333	1,383851001
-0,152574542	6,797287698
2,90434495	2,012147807
-0,684558426	4,823222725
2,031767931	1,131006208
2,978038215	0,96014717
0,410123215	0,995656909
0,059467764	7,041329105
-0,577945888	5,966516311
-0,185246652	6,667619522
3,476123882	1,478705876
-0,379420275	6,68941455
2,942017178	3,643395382
3,411034709	1,998720862
-1,504467596	5,997421779
1,028380134	7,363128808
3,603173959	2,30760102
1,516581098	6,727666389
2,851644237	0,735137897
2,94695025	0,956793805
3,456900658	2,71943975
-0,265561158	6,352218948
-0,162497713	5,426001345
3,001682057	1,001815206
0,159895883	7,208913715
3,843620081	1,25452615
1,05521169	7,447946759
1,440871616	0,577448109
2,997218625	2,113984615
0,812811099	6,55788552
0,114043761	7,06716826
-0,836766708	6,578471139
-0,961771076	6,423008688
-0,431393897	7,424073466
0,574080655	5,80320805
3,580163043	3,304142848
-0,490011922	5,638685771
3,943242275	2,45741403
0,137549589	6,343291727
-0,431335378	6,576542792
3,004812796	0,660327103
1,848887314	7,580514756
-0,355372113	3,804604887
3,361149693	1,343073603
1,933985267	0,380578407
3,039897716	0,441527831
-0,347361797	6,5480205
-0,548078157	5,788744931
3,352590052	1,808061721
3,128588868	1,189925341
2,85214679	0,741202519
-0,883274383	4,123498653
-0,041682608	6,911626352
2,969845224	0,949726144
0,926959359	7,735231775
0,625040893	6,874330145
1,631613627	0,396608709
0,804237844	6,74634578
2,533301901	0,632006438
0,032238853	6,995168822
3,261756476	0,999480589
2,75544114	3,809442655
0,069649357	7,022769673
0,029479318	7,937184372
-0,523892227	6,986181825
-0,190542299	6,468397758
0,327673591	6,977123794
3,476344163	1,599048326
3,188321895	1,724543642
0,000617292	7,001954773
2,365909539	7,593910615
1,029635461	7,256687566
-0,006500534	4,495137826
2,957248851	0,723508233
2,332700903	6,614430721
0,688743899	7,541100017
3,225589678	1,302155055
2,469094006	0,877127465
2,539380235	0,673153627
0,700603614	7,433608848
1,994102418	0,234236604
-0,127415722	6,93930116
2,643011267	1,911082283
3,543081934	1,641691667
2,588534959	0,863910686
-0,345364935	6,838245432
0,035785741	7,078415781
1,450312316	0,111899679
3,193163414	0,63639796
-0,139889179	6,301153162
3,717550639	1,845387124
1,245440694	7,067644739
3,67996665	1,410763336
2,916042485	0,793974029
3,11183046	1,163144331
0,228612972	7,152644203
-0,035031902	6,912314273
3,508551707	1,289042112
-0,924947641	6,564411108
2,917980244	0,928160212
2,049623658	6,750435042
3,773425377	2,016617076
3,7735886	2,898474501
0,240293339	7,127720431
1,069783866	1,121570363
2,884429945	0,850214507
1,019040733	7,235390069
1,424197403	0,290361775
2,718893676	0,746810454
-0,089711328	7,630296692
-0,825772198	5,404211608
3,08185955	0,651316211
2,781166031	1,172791243
3,011032861	1,019808747
1,109523992	0,827371743
3,197059062	1,398093193
2,883566477	0,962902744
-0,030721331	6,970765214
1,660624742	7,373921265
0,927996281	7,342310666
-0,031691944	7,162672568
2,573409143	0,271287771
2,185709712	7,695127775
3,531686625	6,667986039
3,325341957	1,553184611
1,558816259	8,261903308
0,438372244	6,849459929
-0,169790093	7,195544176
-0,396759424	1,564679805
0,528747679	7,22330028
1,672187492	7,176611693
0,92401962	7,481824433
3,093275829	1,093567857
0,246421402	4,660418436
2,961137415	0,876674927
1,353990827	7,319176834
3,051577404	1,104674057
2,466531694	4,021349549
3,718683308	1,770050569
3,54807694	1,113758197
0,860295894	7,560065206
-0,732242767	6,030481332
-0,384773822	6,476978807
2,976481853	0,93754777
0,294578689	5,394535535
-0,283282649	6,797459227
3,329208548	1,481352829
3,625239438	1,11068923
0,659217641	7,187380347
2,646368216	0,508320661
-0,23025667	6,906341288
-0,391904654	1,175806734
-0,920865555	6,556141389
1,163849314	8,097995934
1,417194338	0,484192519
2,064811739	0,394920449
0,004670415	7,00477094
-0,396138385	6,647487791
4,012336517	1,349869421
-0,661383191	5,279520497
2,02830924	0,366185708
3,242821339	1,253961867
2,548409252	0,991115442
3,724664736	1,753904026
-0,024706049	6,29896615
1,629581857	0,565454794
1,107947394	0,726318266
-0,633181572	5,950708708
1,878172527	0,575830368
3,309571908	1,893246865
-0,555458934	6,19919461
3,39823217	0,246431083
-0,362423373	6,494238475
-0,037211696	6,8846023
-1,000185046	5,59305012
0,663608447	7,908348631
-0,090794654	1,086267639
0,75693108	7,428916836
3,354665101	0,959116976
3,054851953	1,149361987
1,794815309	0,593646396
2,362147454	0,110479221
-0,071604669	6,976085676
2,493323073	0,46576887
2,982799291	0,982551115
4,081064098	2,80554565
3,25747502	1,441093631
-0,006224733	7,010381185
0,405110408	7,31867922
1,454670191	8,177970893
1,30740532	-0,17278642
2,169152005	0,460990726
1,203828778	6,550749241
-0,926230624	5,644095676
1,575918913	7,040049409
0,191131256	6,919879442
0,150237339	7,088924206
0,328966235	6,892845236
-0,039496043	7,034497049
1,139009602	0,534122653
2,411358778	0,458438445
3,381416303	0,387625652
-0,565280763	6,482779902
-0,094895701	6,958238224
2,742111555	0,990298857
1,932085057	8,127053096
3,302792856	1,202199911
2,716405947	1,298483252
3,564426134	2,76695998
0,258650222	8,241054561
3,263185837	1,304321178
2,118267652	1,03529007
3,180138719	1,101703252
3,482745428	1,661778339
3,526598899	1,696646977
0,030585292	4,419130887
-0,324678819	4,233187353
2,422986809	0,466498475
1,162811196	7,82374126
2,687551651	0,707394656
-0,01403759	6,975983308
4,00996e-05	7,032996519
3,27115089	7,13555698
-0,559578459	6,802843543
3,199109597	1,032464249
-0,503212185	8,004458186
0,082649624	7,572021169
-0,157604999	1,299534921
2,893469414	0,687309051
3,495050403	2,376171474
0,408680934	6,903315
1,298637232	-0,115908235
0,031909545	1,334203784
3,383974994	0,948059451
0,544935531	6,881246861
3,453011191	1,3359792
0,039346409	7,005663638
0,282225665	4,367718353
-0,390429567	6,339654154
2,320588329	0,345637746
3,829936241	0,827296523
2,824861331	0,974000111
2,513413385	0,771527625
3,369594178	1,17679052
-0,927060605	6,003666241
-0,563946346	7,117081473
3,153398895	1,259160014
2,742685218	4,062984169
-0,217491945	6,694760138
-0,147030544	6,546398083
-0,507717959	6,347976777
2,917205074	0,651658609
0,038555104	6,788543978
-0,208025133	7,311577643
3,434886792	1,551972639
2,33442123	1,710332018
-0,032036432	6,850053639
3,418890201	0,766465484
0,805144154	7,51579371
3,277367439	1,373020839
0,887414274	0,970267073
2,893120442	0,881888603
0,190876579	5,993203338
-0,971341873	5,402547977
3,629488741	1,136586652
3,929206195	2,56787553
0,583813985	7,044003859
3,440495299	2,216084833
3,684898239	1,962104112
3,322482645	2,465741028
2,203486704	-0,285648502
4,210922883	2,664854734
3,040443247	1,368507362
3,089734811	2,361328667
3,569910446	1,371807434
3,147308001	1,948602869
3,20259846	4,195633332
3,042825107	0,990968785
2,63761512	7,750791178
2,646515631	-0,063251459
0,61759068	7,124031494
3,445782014	1,315357956
2,769720584	0,592513549
2,849258527	1,965350425
-0,008699927	7,003025068
0,075241988	6,959475696
0,117419653	7,20423973
3,600781572	1,235981206
-0,345307007	6,498679885
2,971107708	0,973934697
1,144875263	0,347815304
-1,211735327	4,96487213
0,17897483	3,953306732
3,696303335	6,390242218
2,348434147	0,752103765
2,268565805	0,501029374
1,98138738	0,126111001
3,476976132	3,126069153
3,571259893	1,94670599
-1,020126167	5,228587425
2,147462618	0,382356827
-0,403166151	7,224772559
3,031945078	0,867499742
-0,739525417	6,321846625
-0,177582212	6,978518487
-0,133851043	7,022038103
1,142101779	7,022389153
3,597605037	1,617358185
0,85741835	8,34345324
3,05375916	1,65691878
2,615340168	0,767460454
-0,329300545	6,521791954
-0,743910042	6,594054194
3,145219031	1,034273889
2,758408383	0,689162337
1,798005282	0,628745904
3,664415281	1,63238816
-1,215502464	5,942962382
2,200502641	7,185353354
-0,025328799	6,980964975
3,457680999	2,217239338
0,618188793	7,668966807
2,828706168	-0,156559206
2,407550951	1,16813728
3,410871783	1,333745769
3,854912871	1,38516412
0,776619541	8,05231357
-0,466569885	6,179005058
-1,410924831	5,65600363
-0,382734441	6,823108659
0,704110681	7,409679683
3,203061504	1,235686198
0,600573924	7,34406012
3,468512591	1,22246526
3,336837135	7,226518079
-0,495071085	5,091326566
3,02088745	1,011152557
0,260762286	6,84636479
0,078020262	7,354361687
2,994787745	0,985807896
0,688903357	6,583904915
-6,49481e-05	6,998315264
3,038106185	0,489296347
-0,152157043	4,91480811
-0,108451874	0,99881324
3,53811838	0,970032924
2,975109268	0,927035816
1,277761519	7,20749161
2,221523224	0,535295906
3,010936824	1,046263826
2,509657762	0,775840654
2,765489738	1,664425365
3,22390856	2,048746884
-0,680458655	6,882294558
3,815309029	2,235123117
0,62306001	6,992181509
0,396182505	7,633609661
0,297634032	7,135697137
1,044980596	0,219875757
0,304148943	0,631951033
1,307459106	7,936746122
2,993707206	0,991256657
3,113509474	3,547320242
3,719449516	2,283849264
0,263553221	6,866811985
3,749979869	2,76886605
2,015635376	0,069382076
0,037135234	6,830510196
-0,110454428	6,946261267
3,129043832	0,940391985
0,132209457	7,007424731
3,37040312	1,724206047
-0,195196306	5,870462388
0,575729489	7,0892635
3,06757191	1,937013409
3,704370918	2,553128927
-0,253460268	6,468924102
1,251648621	7,940323816
0,314528029	7,018739423
2,665720791	0,813880436
0,549198523	0,755141346
2,863110173	4,658093357
-0,195825848	6,049723903
0,207389974	6,613683367
1,789614978	0,482008461
-0,625124169	5,994829142
-0,001478105	1,229970485
-0,045721174	6,830108811
0,708074638	7,593515136
3,136303157	1,183862271
-0,125695929	6,574637771
2,271367698	7,512217353
3,32925496	1,42465443
3,206861806	2,309973741
2,650946328	0,206326923
3,067245493	1,132501644
2,886485232	1,050832756
2,290679516	0,491124195
3,498645645	1,686508292
-0,07078553	6,30440537
-1,155627054	6,798333851
1,501075444	1,041469337
1,572690507	7,000622164
0,282264131	7,072878035
1,891843966	7,472383207
2,717195113	0,643487327
3,171313622	1,43446026
2,971394919	1,234162201
2,050495352	7,499017469
0,118649139	7,198733602
2,732867121	1,341321201
0,818877258	7,162106971
3,253309091	1,190214101
2,688005157	0,66120128
-0,017725013	6,968912306
2,528053046	6,902135291
0,216420706	6,644209109
-0,053480033	6,942084848
3,421667955	2,988296371
3,397007205	1,699358697
2,981144571	0,980230609
-0,296186762	6,593678634
0,46291821	7,729630453
0,161774048	7,172260681
2,905160972	1,05399672
-1,399387604	5,679231469
3,998048701	3,471018504
0,105384659	7,107735575
-0,229622621	5,47045982
1,069024625	8,005426598
0,464641737	6,895137977
2,453403525	0,803438106
2,488940177	-0,174271435
0,045375534	4,968890454
2,432288113	0,480963145
-1,114705432	5,702190087
1,839626739	7,540974553
3,098716809	3,743392789
-0,608672924	6,326102127
1,049267714	7,213558974
0,252768134	6,988222433
3,2133031	1,178465052
1,444503243	0,62034666
3,572252399	3,271525254
2,687031849	0,366999882
0,017622975	6,50290724
-0,669549872	6,489057662
2,835777276	0,831977412
2,064622213	0,422079449
-0,680273173	5,588252798
3,093972065	2,257352037
-0,638333072	6,436914702
0,212468696	6,843256723
3,115884941	1,255691552
3,256331849	1,449588795
-0,390626829	4,259153993
3,33247843	1,443663109
-1,105462158	6,58774264
3,342055491	1,741467279
0,193632246	6,879490747
-0,720029739	7,048391138
-0,105769695	4,439687121
-0,814924738	6,176489405
2,881255214	0,054683108
-0,692775569	6,056098001
0,210747943	5,845439458
0,043245807	7,005449184
3,335131696	1,956248144
2,74599247	0,77104745
0,225599615	6,193006164
-0,743919289	6,135735132
2,703896334	0,688813436
1,031854093	0,391222075
2,983940877	1,012453614
3,429261057	1,864715204
2,926527542	1,844336054
3,105252414	1,058309844
0,12152475	7,137262351
3,838419554	2,828348623
1,015411061	7,283137465
-1,211707826	6,039941812
3,931488317	1,500562882
0,679162387	3,285521458
0,301566344	7,110512908
3,045745681	1,041412106
0,055270918	7,170083383
2,087531301	0,31596894
-0,191837932	6,656889388
0,201285774	7,262918472
3,051626134	1,185944219
1,141735275	7,504057262
2,335678865	0,713959217
3,483003151	3,061826444
0,580584811	7,440094409
0,705479576	7,43823198
3,018089035	1,287489007
-0,096054647	7,042911232
1,438866794	1,245482265
3,044858236	0,972139145
-0,125268905	6,957622657
3,171931026	0,307693419
-0,534656336	6,605019342
1,807438206	7,494537884
-0,038913512	6,645416309
1,59638477	7,665874167
2,298451012	0,633976146
0,161643246	6,953215217
-0,861856577	5,136661817
3,838868022	6,272860745
1,34853324	7,274907137
1,442184339	0,627271014
2,858707938	0,579089993
-0,489782803	7,339203572
3,220817492	1,692438754
0,144415938	7,262281046
3,21365203	1,251682855
-0,481320271	6,142451075
2,763933498	1,314280625
0,781068765	0,836843973
0,995927729	7,645793916
-0,942998948	6,355228027
2,669666069	0,441893584
3,795956307	2,983962904
3,227727358	2,218763674
0,690967934	6,979686436
1,530529415	8,125857277
0,634023367	7,290064163
2,370450767	0,29588316
2,910884315	1,046289923
3,171227575	1,281367369
3,517136739	2,510441028
0,18522732	7,205105672
0,280138112	5,476987851
3,219636287	1,78508087
-0,248772404	6,116027121
-0,767583841	4,896257732
0,411408626	6,972162046
3,299232126	2,687684062
3,359096808	2,159370111
0,439435456	7,143887269
0,703356783	0,615700504
3,428320141	1,670944667
3,248294087	2,05669664
0,106951086	7,34111338
0,151578608	6,949554775
2,819316785	1,180848927
-0,300511101	7,826849146
0,372489732	7,126408156
2,244786858	0,744241415
-0,530917609	5,572848974
0,001176374	5,505646234
-0,527791084	4,774970055
0,385266619	0,467210384
-0,113074472	6,112967811
3,000724135	0,997089483
2,677459428	0,652524967
-0,354835781	6,027364921
0,961501354	8,090501266
2,913861017	2,67662624
3,097618373	1,069823005
0,337929397	5,814888353
0,413513062	1,281747607
0,385617235	7,742210307
-0,415603719	5,159315214
3,453955801	1,93299862
-0,025983921	5,965275253
2,071039338	0,034619427
-0,559733198	5,646404369
-0,225232858	6,31744725
2,733676869	0,77979812
2,438023904	0,890594377
4,356237015	2,046297529
3,851024656	1,069875572
-0,015449916	7,209402673
2,990725872	1,004828683
-0,574330339	5,75048111
0,29697489	7,383370613
0,007714074	7,214402751
1,714508698	0,965465252
3,246012879	1,678458931
-0,634850673	6,292098247
0,071761401	7,25609877
2,899964092	6,903090547
-0,164824912	6,88775253
2,856409536	0,820205111
-0,276829498	6,928307265
2,957653532	0,838405228
3,525750386	1,554942036
2,03874378	0,555873978
-0,846159374	6,997661194
3,226180058	0,771362325
3,000685965	1,000872463
3,070288627	6,702994856
2,806539202	0,589033504
-0,222640762	6,567376157
0,197273952	7,067814718
0,649060161	7,57968109
0,468092745	6,894660903
3,217189195	3,135311193
-0,186690394	7,878932439
2,576342717	0,010199092
3,743968687	1,366564844
3,173741848	1,138526232
-0,701733671	5,704738777
-0,517712232	6,323343068
-0,620517791	6,697679206
0,798709054	0,215049441
2,706406154	0,889658286
-0,221903732	6,93181338
1,270310013	7,525006638
-0,434348654	6,947512149
2,657456497	0,688640432
2,277751609	0,429800521
-0,545513051	4,374123931
-0,790042318	5,901239103
1,63650136	6,90981764
3,107336575	1,098161497
3,649882027	1,107248371
1,009540963	7,585129722
0,0596576	7,03882656
3,32830563	1,370827766
2,833733942	1,854292474
2,986232164	0,984856788
3,103063511	1,467981263
0,624354325	7,433992663
2,994067825	0,984275501
1,288916623	7,224930022
3,006032594	1,024238977
0,66887525	7,325861346
0,452783112	0,719391605
-0,018243257	7,194136837
2,674415515	0,722856836
3,432745539	0,864213379
-0,0100386	6,380872819
3,045221116	0,999405129
3,041684567	1,08084325
3,341909412	1,833603721
0,453238806	0,986290875
3,1186986	0,990559949
2,908135686	1,067966957
-0,70269393	6,199586513
0,614619325	7,207992644
-0,01681541	6,987571691
-0,749692844	5,917710396
3,231992651	1,264566762
-0,855314848	6,368453088
0,916400536	0,661391194
3,278306332	2,322674739
2,678197112	1,153163453
0,525382507	7,66575331
2,263938533	0,617459949
3,064845209	1,212519707
3,213749234	1,154724799
0,132066124	7,094742537
-0,049705294	6,553791512
-0,500855357	6,288974757
2,652137048	1,153679307
0,858391721	7,466209741
-0,897722597	6,123185405
1,892799963	0,777133899
-0,559187742	4,265928043
0,179879596	7,70845043
3,116768752	1,43867526
-0,020071493	6,756839757
0,318097915	7,450717391
0,618810095	7,235576973
3,2003132	1,846750267
1,611838204	7,772029612
3,235840192	1,067471187
3,382437364	2,808401213
3,606602468	1,038076131
2,554727655	4,726990571
0,351523965	8,197683844
0,113534902	6,856006237
2,635912619	0,285744761
3,82457933	2,611898497
3,619206924	2,028860491
0,155422555	7,588984497
0,960751705	8,310847761
0,518197333	7,516443713
-0,174230536	7,019731791
2,518560221	1,206252982
0,088525109	6,928413763
3,156873007	1,123342401
1,357250878	0,680036997
3,094675459	1,173203442
0,166637148	6,343252627
3,128751209	1,197637371
1,550326443	0,401901296
2,920824745	0,664062177
-0,272818661	6,80811367
3,118044309	0,284143847
-0,316308678	6,329426584
0,543095294	7,323917591
-0,588974205	6,307315757
-0,199574402	5,682287526
2,263033714	7,837404369
3,618648088	1,758370963
3,515688601	2,256869839
2,945423279	1,043499299
-0,651344739	6,383309212
3,247184278	1,722905391
0,075740158	6,580604472
-0,565798419	6,93769159
-0,002952404	6,930291367
1,89496452	0,375234853
-0,078768987	6,949672722
1,025516175	6,897890815
-1,014429721	5,547613456
2,522646355	0,882196218
1,874321898	7,015029259
3,279248272	3,474202439
3,000747724	2,315253117
2,800087444	0,254640056
-0,0446539	7,523192036
0,264605469	7,321176517
-0,350823107	6,357297554
0,673873723	7,296145423
0,575777393	7,087771421
3,014728668	1,247298063
3,567460591	1,927689842
0,019089298	7,059398896
2,706374948	3,945340709
2,990602026	1,0336176
-0,855885248	5,997405788
-0,691589881	5,630100184
3,19399821	0,913946349
3,673968706	0,742653989
0,918675991	0,826975445
2,253119936	0,737333445
2,454043826	0,722245737
3,916526614	1,810177978
0,216987721	7,126953371
-0,859299405	5,880147147
-0,020987524	6,932853779
4,029127907	1,052247556
0,80948688	7,614921708
3,061471769	0,87571493
-0,431846925	6,28682562
3,053473867	1,02390492
1,537178427	0,743720757
1,064630856	8,129800179
1,606240526	0,740827134
0,050650309	7,233946048
1,83215327	-0,191348044
