198
-55
-12
-92
-71
-3
-99
-5
-66
-56
8
45
-44
-11
30
-62
299
-63
4
-74
-97
111
-75
-55
326
33
-24
-83
199
-93
-14
-90
-11
-79
248
-99
-62
-76
126
265
-100
-46
-8
-62
-70
241
-16
-58
-41
-16
-54
-47
-33
-15
-23
-77
349
-62
-65
-25
-46
-23
-15
-30
231
-38
-4
-54
-36
-7
-4
-74
-72
-33
-78
360
-99
-25
-60
244
-86
-19
-47
-22
-41
-55
28
-6
-84
-9
-54
-64
-38
-18
-64
-33
-85
-63
129
-69
-95
-88
-58
-48
-53
-32
-17
-50
-80
-37
-80
55
-99
-70
-48
-28
-30
266
-87
-28
-43
-98
-65
-99
95
35
-82
-35
129
-47
-3
-26
-74
110
-10
-85
-98
-3
-61
-81
-50
-57
-19
-62
-79
-13
-48
-90
-61
-87
279
-39
-2
-1
-48
-82
-40
-10
-98
170
-61
-51
-90
-50
-95
-29
-8
-53
-40
317
-10
-79
122
-2
-79
-77
-4
-23
-40
160
-88
11
-82
-67
-27
-99
236
-62
-13
-65
-50
-29
-4
-100
-97
-73
-92
-78
-42
